gamp/2020245/codg2450.20i
     1.0            IONOSPHERE MAPS     GNSS                IONEX VERSION / TYPE
ADDNEQ2 V5.3        AIUB                05-SEP-20 20:03     PGM / RUN BY / DATE 
CODE'S GLOBAL IONOSPHERE MAPS FOR DAY 245, 2020             COMMENT             
Global ionosphere maps (GIM) are generated on a daily basis DESCRIPTION         
at CODE using data from about 300 GNSS sites of the IGS and DESCRIPTION         
other institutions. The vertical total electron content     DESCRIPTION         
(VTEC) is modeled in a solar-geomagnetic reference frame    DESCRIPTION         
using a spherical harmonics expansion up to degree and      DESCRIPTION         
order 15. Piece-wise linear functions are used for          DESCRIPTION         
representation in the time domain. The time spacing of      DESCRIPTION         
their vertices is 1 hour, conforming with the epochs of the DESCRIPTION         
VTEC maps.                                                  DESCRIPTION         
To convert line-of-sight TEC into vertical TEC, a modified  DESCRIPTION         
single-layer model mapping function approximating the JPL   DESCRIPTION         
extended slab model mapping function is adopted. The        DESCRIPTION         
mapping function is evaluated at geodetic satellite         DESCRIPTION         
elevation angles. For the computation of the ionospheric    DESCRIPTION         
pierce points, a spherical layer with a radius of 6821 km   DESCRIPTION         
is assumed, implying geocentric, not geodetic IONEX         DESCRIPTION         
latitudes.                                                  DESCRIPTION         
Instrumental biases with respect to each involved GNSS code DESCRIPTION         
observable are estimated as constant values for each        DESCRIPTION         
day. They are modeled with one set of bias parameters for   DESCRIPTION         
each satellite and each station in case of GPS and for each DESCRIPTION         
satellite-station link in case of GLONASS. The code bias    DESCRIPTION         
datum is defined by zero-mean conditions imposed on the     DESCRIPTION         
satellite bias estimates. In this file, just GPS C1W-C2W    DESCRIPTION         
satellite and station bias values are included. The         DESCRIPTION         
complete set of GNSS code bias results is provided in an    DESCRIPTION         
additional Bias-SINEX file as pseudo-absolute values        DESCRIPTION         
specific to each observable.                                DESCRIPTION         
Note: These GIM results correspond to the results for the   DESCRIPTION         
middle day of a 3-day combination analysis solving for 73   DESCRIPTION         
times 256, or 18688 VTEC parameters and 3 daily sets of     DESCRIPTION         
GNSS code bias parameters.                                  DESCRIPTION         
Contact address: code(at)aiub.unibe.ch                      DESCRIPTION         
Data archive:    ftp.aiub.unibe.ch/CODE/                    DESCRIPTION         
                 www.aiub.unibe.ch/download/CODE/           DESCRIPTION         
  2020     9     1     0     0     0                        EPOCH OF FIRST MAP  
  2020     9     2     0     0     0                        EPOCH OF LAST MAP   
  3600                                                      INTERVAL            
[...]
daej darw dav1 dgar dhlg drao dubo ebre faa1 fair flin flrs COMMENT             
frdn ftna func ganp glps glsv gmsd gode godz gol2 gold gope COMMENT             
gras graz guam guat guug harb hers hert hlfx hob2 hofn holb COMMENT             
hrao hyde iddr ieng iisc impz ineg invk iqal irkj isba jog2 COMMENT             
joz2 joze karr kerg kir0 kiri kiru kit3 kokb kokv kouc koug COMMENT             
kour krgg lama laut lhaz lmmf lpal lpgs m0se mac1 madr mag0 COMMENT             
maju mal2 mana mas1 mat1 mate maui maw1 mcm4 mdo1 mdvj medi COMMENT             
mets mgue mizu mkea mnls mobj mobk mobs monp morp mqzg mro1 COMMENT             
mtka nano nico nist nium nklg nlib nnor nrc1 nril nrmd ntus COMMENT             
nya1 nyal ohi2 ohi3 onsa opmt ous2 pado parc park pdel penc COMMENT             
pert pfa2 pie1 pimo pol2 polv pots pove prds ptag ptbb qaq1 COMMENT             
quin ramo reun reyk rio2 riop roth salu savo sch2 scor scrz COMMENT             
sctb seyg sfer smst sofi spt0 ssia sthl stjo stk2 str2 suth COMMENT             
sutm suwn sydn syog tabl tabv thtg thti thu2 tid1 tidb tixg COMMENT             
tixi tlse tn22 tong tow2 tro1 tsea tskb twtf txes uclu ufpr COMMENT             
ulab unb3 unbj unbn unsa untr urum usn7 usud vaco vald vill COMMENT             
vtsp wab1 wab2 wark wgtn whit will wind wsrt wtza wtzl wtzr COMMENT             
wtzs wtzz xmis yakt yar2 yar3 yarr yell ykro yssk zamb zeck COMMENT             
zim2 zim3 zimm                                              COMMENT             
                                                            END OF HEADER       
[from data line 9009]
    22                                                      START OF TEC MAP    
  2020     9     1    21     0     0                        EPOCH OF CURRENT MAP
    87.5-180.0 180.0   5.0 450.0                            LAT/LON1/LON2/DLON/H
   49   50   50   51   51   52   52   52   53   53   53   53   53   53   53   52
   52   52   51   50   50   49   48   47   47   46   45   44   43   42   41   40
   40   39   38   37   37   36   36   36   35   35   35   35   35   35   36   36
   36   37   37   38   38   39   39   40   40   41   41   42   43   43   44   44
   45   46   46   47   47   48   48   49   49
    85.0-180.0 180.0   5.0 450.0                            LAT/LON1/LON2/DLON/H
   52   53   54   55   56   57   58   59   60   61   61   62   62   62   62   62
   61   61   60   59   57   56   55   53   51   49   47   46   44   42   40   38
   37   35   34   32   31   30   30   29   29   29   29   29   29   30   30   31
   32   33   34   35   36   37   38   39   40   41   42   42   43   44   45   45
   46   47   47   48   49   50   51   51   52
    82.5-180.0 180.0   5.0 450.0                            LAT/LON1/LON2/DLON/H
   52   53   55   56   58   60   61   63   65   66   67   68   69   69   70   70
   69   69   68   67   65   63   61   59   56   54   51   49   46   43   41   38
   36   34   32   30   29   27   27   26   25   25   25   26   27   27   29   30
   31   33   34   35   37   38   39   41   42   42   43   44   44   45   45   45
   46   46   47   47   48   49   50   51   52
    80.0-180.0 180.0   5.0 450.0                            LAT/LON1/LON2/DLON/H
   48   50   52   54   57   59   61   64   66   68   70   72   73   74   75   75
   75   75   74   73   71   69   67   64   61   58   55   52   49   46   43   41
   38   36   34   32   30   28   27   26   26   26   26   26   27   28   30   31
   33   35   36   38   40   41   42   43   44   44   45   45   45   45   45   45
   44   44   44   44   45   45   46   47   48
    77.5-180.0 180.0   5.0 450.0                            LAT/LON1/LON2/DLON/H
   44   46   48   51   53   56   59   62   65   68   70   72   74   75   76   77
   77   77   77   76   75   73   70   68   65   62   59   55   52   50   47   45
   42   40   38   36   34   32   31   30   29   28   28   29   30   31   32   34
   36   37   39   41   42   43   44   45   45   45   45   45   45   44   44   43
   42   41   41   40   40   40   41   42   44
    75.0-180.0 180.0   5.0 450.0                            LAT/LON1/LON2/DLON/H
   40   42   44   47   50   54   57   60   63   66   68   71   72   74   75   76
   77   77   77   77   76   74   72   69   66   63   60   57   54   52   50   48
   47   45   43   41   39   37   35   34   32   31   31   31   32   33   34   36
   38   39   41   42   43   44   44   44   44   44   44   43   43   42   41   40
   39   38   38   37   36   36   37   38   40
    72.5-180.0 180.0   5.0 450.0                            LAT/LON1/LON2/DLON/H
   38   40   43   46   49   52   55   59   62   64   67   69   70   72   73   74
   75   75   76   76   75   73   71   68   65   62   59   56   54   53   51   50
   49   48   46   45   42   40   38   36   34   33   32   32   33   34   35   36
   37   38   39   40   40   41   41   41   40   40   40   40   39   39   39   38
   37   37   36   35   34   34   35   36   38
    70.0-180.0 180.0   5.0 450.0                            LAT/LON1/LON2/DLON/H
   38   41   43   46   49   52   55   58   61   64   66   68   69   70   71   72
   72   73   74   74   73   72   69   66   63   59   56   53   51   50   50   50
   49   48   47   45   42   40   37   35   33   32   31   31   31   32   33   33
   34   35   35   35   35   35   34   34   34   34   34   34   35   36   36   36
   36   36   36   35   35   35   35   37   38
    67.5-180.0 180.0   5.0 450.0                            LAT/LON1/LON2/DLON/H
   42   44   46   49   51   53   56   59   61   64   66   68   69   70   70   71
   71   72   73   73   72   71   68   64   60   56   52   49   47   47   47   47
   46   45   44   41   39   36   33   31   29   28   28   27   28   28   29   29
   29   29   29   28   28   27   27   26   26   27   27   29   30   32   34   35
   36   37   37   37   37   37   38   40   42
    65.0-180.0 180.0   5.0 450.0                            LAT/LON1/LON2/DLON/H
   46   48   50   52   54   55   57   59   62   65   67   69   70   71   71   71
   71   72   73   73   73   71   68   64   58   53   49   46   44   43   43   43
   42   40   38   35   32   29   27   25   24   23   23   23   24   24   24   24
   24   23   22   21   20   19   19   19   19   20   21   23   26   29   32   35
   37   38   39   39   39   40   42   44   46
    62.5-180.0 180.0   5.0 450.0                            LAT/LON1/LON2/DLON/H
   51   53   55   56   56   57   57   59   62   65   68   71   72   73   73   73
   73   73   74   75   75   73   69   64   59   53   48   44   42   41   40   39
   38   35   32   28   25   22   20   20   20   20   21   21   21   21   21   21
   20   18   17   15   14   13   13   13   14   15   17   20   23   27   31   34
   37   39   40   41   41   43   45   48   51
    60.0-180.0 180.0   5.0 450.0                            LAT/LON1/LON2/DLON/H
   55   58   60   60   59   58   58   59   61   65   69   72   74   75   75   75
   75   75   76   77   77   75   72   67   61   55   50   46   44   42   41   39
   36   32   28   23   20   18   18   18   19   20   21   22   22   22   21   20
   18   16   14   12   10   10   10   11   12   13   15   18   21   25   30   34
   37   39   40   41   42   44   48   51   55
    57.5-180.0 180.0   5.0 450.0                            LAT/LON1/LON2/DLON/H
   59   63   65   64   63   61   59   60   61   65   69   73   75   77   77   76
   76   76   77   78   78   77   74   70   64   59   55   52   49   48   46   43
   39   33   28   24   21   20   20   22   24   26   27   27   27   26   24   23
   20   18   15   12   11   10   11   12   14   15   17   18   21   24   29   33
   36   39   40   40   41   44   49   54   59
    55.0-180.0 180.0   5.0 450.0                            LAT/LON1/LON2/DLON/H
   63   68   70   70   68   66   64   63   64   66   70   73   76   78   78   77
   76   76   77   77   78   77   75   72   68   65   62   60   58   56   54   51
   46   40   34   30   28   28   29   32   34   36   37   36   35   33   31   29
   26   23   19   16   14   14   16   17   19   20   21   21   22   24   28   32
   36   38   38   39   40   44   49   56   63
    52.5-180.0 180.0   5.0 450.0                            LAT/LON1/LON2/DLON/H
   67   73   77   78   77   75   73   71   71   72   73   76   78   79   78   77
   76   75   75   76   77   76   75   74   72   70   69   69   68   67   65   62
   57   51   46   42   41   41   43   46   48   49   49   47   45   43   40   38
   34   30   26   23   21   21   23   25   27   28   27   25   25   26   29   33
   36   38   38   38   39   43   50   58   67
    50.0-180.0 180.0   5.0 450.0                            LAT/LON1/LON2/DLON/H
   71   78   84   87   88   88   87   85   83   81   80   80   81   81   80   78
   76   75   74   74   74   75   75   75   75   75   76   77   78   78   77   74
   69   65   60   58   57   58   60   62   63   63   61   59   56   53   50   47
   44   40   35   32   30   30   32   35   37   37   35   31   29   29   31   35
   38   40   40   39   41   45   52   62   71
    47.5-180.0 180.0   5.0 450.0                            LAT/LON1/LON2/DLON/H
   75   84   90   95  100  103  104  103   99   95   91   88   87   85   84   81
   78   76   74   73   73   73   74   75   77   79   82   85   87   88   87   85
   82   79   76   74   74   75   77   77   77   75   72   69   66   63   60   57
   54   49   45   41   39   39   41   44   46   46   42   38   34   33   35   39
   43   44   44   43   44   49   57   66   75
    45.0-180.0 180.0   5.0 450.0                            LAT/LON1/LON2/DLON/H
   79   87   94  102  110  117  121  121  117  111  104   99   95   93   90   86
   83   79   76   75   74   74   75   77   80   83   86   90   93   95   96   95
   94   92   90   89   89   90   90   89   87   84   80   77   73   71   68   66
   62   58   53   49   47   47   49   53   55   54   50   44   39   38   40   45
   49   51   51   50   51   55   62   71   79
    42.5-180.0 180.0   5.0 450.0                            LAT/LON1/LON2/DLON/H
   82   88   95  104  115  126  133  136  132  125  117  110  106  103   99   94
   89   85   81   78   77   77   78   81   84   87   91   94   98  101  103  103
  103  102  101  101  101  100   99   97   93   90   86   82   80   77   75   73
   69   65   60   56   54   54   56   59   61   60   55   49   44   43   46   52
   57   59   59   59   60   63   69   76   82
    40.0-180.0 180.0   5.0 450.0                            LAT/LON1/LON2/DLON/H
   83   87   93  101  114  128  139  144  142  135  127  120  116  113  109  104
   98   92   88   85   83   83   85   87   90   93   95   99  103  107  109  110
  110  110  109  109  108  106  103  100   96   92   89   86   84   82   80   78
   74   69   65   61   59   58   60   62   64   63   59   53   49   48   52   59
   65   67   68   67   69   72   76   80   83
    37.5-180.0 180.0   5.0 450.0                            LAT/LON1/LON2/DLON/H
   84   85   88   95  108  122  136  143  144  139  132  128  125  123  119  113
  106   99   94   92   91   91   94   96   98  100  102  106  110  115  117  118
  117  116  115  114  111  108  104  100   96   94   91   90   88   87   84   81
   76   72   67   64   62   61   62   63   64   64   60   55   52   52   57   64
   70   74   74   75   77   80   83   84   84
    35.0-180.0 180.0   5.0 450.0                            LAT/LON1/LON2/DLON/H
   86   84   84   89   99  113  126  135  138  136  133  131  132  131  128  121
  113  106  101   98   98  100  104  107  109  110  112  116  122  127  129  128
  125  122  119  116  112  107  103   99   96   94   93   93   92   89   86   82
   77   72   67   64   62   61   61   62   62   61   59   55   53   54   60   68
   74   77   79   81   84   87   89   88   86
    32.5-180.0 180.0   5.0 450.0                            LAT/LON1/LON2/DLON/H
   91   87   85   87   94  104  116  125  130  131  132  134  137  139  136  128
  119  111  106  104  105  109  113  117  119  121  124  130  137  143  144  140
  134  128  123  117  112  106  101   98   96   96   95   95   93   90   86   81
   75   69   65   62   61   60   58   58   58   57   55   53   51   54   60   68
   75   78   81   84   90   94   96   94   91
    30.0-180.0 180.0   5.0 450.0                            LAT/LON1/LON2/DLON/H
  100   97   94   94   96  102  111  119  125  128  133  138  145  148  145  137
  126  117  111  110  111  116  121  125  128  131  136  145  155  162  161  154
  144  134  126  118  111  104  100   97   96   96   96   95   93   89   84   78
   71   65   61   59   58   56   54   52   51   51   50   48   48   51   58   67
   73   77   81   87   94  101  104  103  100
    27.5-180.0 180.0   5.0 450.0                            LAT/LON1/LON2/DLON/H
  114  114  113  111  110  112  116  123  129  134  141  149  157  161  158  149
  137  126  120  117  118  122  127  131  135  140  149  162  175  182  179  168
  154  140  129  119  110  103   99   97   96   96   94   92   89   84   79   72
   66   60   56   54   53   52   49   46   45   44   44   42   42   46   54   64
   71   76   81   89   99  108  113  114  114
    25.0-180.0 180.0   5.0 450.0                            LAT/LON1/LON2/DLON/H
  132  137  139  139  136  134  135  140  145  152  159  169  178  182  179  168
  155  144  136  131  128  129  132  135  140  147  160  178  194  201  195  180
  161  144  131  120  110  102   98   97   96   94   90   86   82   77   71   66
   60   54   51   49   48   47   43   40   38   38   37   36   36   40   49   60
   69   75   82   92  105  116  123  128  132
    22.5-180.0 180.0   5.0 450.0                            LAT/LON1/LON2/DLON/H
  150  161  169  172  170  167  166  170  175  181  190  199  208  212  208  198
  185  172  162  153  145  140  138  139  144  153  170  191  209  215  206  186
  164  145  131  119  109  102   98   96   94   90   84   78   72   67   63   58
   53   49   45   44   43   42   38   34   32   32   31   30   30   34   45   57
   68   76   85   97  111  124  133  141  150
    20.0-180.0 180.0   5.0 450.0                            LAT/LON1/LON2/DLON/H
  166  183  197  205  205  204  204  208  213  220  228  237  246  250  247  237
  225  212  199  185  170  157  148  145  148  159  178  201  219  223  211  187
  163  144  130  118  109  102   99   97   93   86   77   69   62   58   54   51
   48   44   41   40   39   37   34   30   28   28   27   25   24   29   40   55
   68   79   89  103  119  132  143  153  166
    17.5-180.0 180.0   5.0 450.0                            LAT/LON1/LON2/DLON/H
  177  197  217  230  235  238  240  246  252  259  268  277  287  292  291  284
  273  261  246  226  203  181  164  156  157  167  186  208  224  224  208  183
  158  140  127  117  109  104  102   99   93   83   72   62   54   50   48   46
   44   41   38   36   35   34   31   28   26   25   24   21   19   24   37   54
   70   83   95  110  126  139  149  160  177
    15.0-180.0 180.0   5.0 450.0                            LAT/LON1/LON2/DLON/H
  180  203  226  244  254  261  268  276  284  292  301  312  323  331  334  331
  324  313  297  273  242  211  187  173  171  179  195  213  224  220  201  174
  150  135  125  118  112  108  108  105   97   84   70   58   50   46   44   43
   42   40   36   34   33   32   30   27   25   25   23   19   16   20   35   54
   72   87  101  116  132  144  153  164  180
    12.5-180.0 180.0   5.0 450.0                            LAT/LON1/LON2/DLON/H
  178  200  225  245  260  271  282  292  302  311  322  335  349  361  368  370
  368  360  345  318  282  245  214  196  190  194  205  217  221  211  189  163
  143  131  124  120  116  116  116  114  105   89   72   59   51   46   43   42
   41   39   36   33   32   32   30   28   26   26   23   18   14   18   33   54
   74   91  105  121  136  147  155  163  178
    10.0-180.0 180.0   5.0 450.0                            LAT/LON1/LON2/DLON/H
  174  193  217  238  255  269  282  293  303  314  326  342  359  376  388  396
  398  395  382  356  318  277  243  222  213  213  217  220  215  201  177  153
  136  128  125  123  123  125  128  126  115   97   79   65   56   49   46   43
   42   39   36   33   32   33   32   30   28   27   24   18   14   18   32   54
   75   93  108  124  138  149  155  161  174
     7.5-180.0 180.0   5.0 450.0                            LAT/LON1/LON2/DLON/H
  171  187  208  228  245  260  272  282  291  301  314  332  352  373  390  402
  409  410  401  378  343  304  271  249  239  233  229  222  209  189  166  145
  133  128  128  128  130  134  139  137  125  106   87   72   62   55   49   45
   43   40   36   33   33   33   33   32   30   28   25   20   15   18   32   53
   75   93  109  125  140  150  155  161  171
     5.0-180.0 180.0   5.0 450.0                            LAT/LON1/LON2/DLON/H
  172  186  204  222  239  251  261  267  273  280  293  310  332  354  374  389
  399  404  400  383  355  321  292  273  261  252  239  222  201  178  156  139
  131  129  130  132  135  141  147  145  132  113   94   79   69   60   52   47
   44   40   36   33   33   34   34   33   31   29   26   21   17   20   33   53
   74   92  109  126  141  152  158  164  172
     2.5-180.0 180.0   5.0 450.0                            LAT/LON1/LON2/DLON/H
  181  194  210  227  241  251  255  256  257  261  270  285  305  326  345  361
  372  379  380  371  352  327  305  290  279  265  244  219  192  168  148  135
  130  130  131  133  136  143  148  146  134  114   96   83   73   63   54   48
   44   40   36   33   32   34   34   32   30   28   26   23   20   23   34   52
   72   91  108  126  142  154  163  171  181
