gamp/2020245/codg2450.20i
     1.0            IONOSPHERE MAPS     GNSS                IONEX VERSION / TYPE
ADDNEQ2 V5.3        AIUB                05-SEP-20 20:03     PGM / RUN BY / DATE 
CODE'S GLOBAL IONOSPHERE MAPS FOR DAY 245, 2020             COMMENT             
Global ionosphere maps (GIM) are generated on a daily basis DESCRIPTION         
at CODE using data from about 300 GNSS sites of the IGS and DESCRIPTION         
other institutions. The vertical total electron content     DESCRIPTION         
(VTEC) is modeled in a solar-geomagnetic reference frame    DESCRIPTION         
using a spherical harmonics expansion up to degree and      DESCRIPTION         
order 15. Piece-wise linear functions are used for          DESCRIPTION         
representation in the time domain. The time spacing of      DESCRIPTION         
their vertices is 1 hour, conforming with the epochs of the DESCRIPTION         
VTEC maps.                                                  DESCRIPTION         
To convert line-of-sight TEC into vertical TEC, a modified  DESCRIPTION         
single-layer model mapping function approximating the JPL   DESCRIPTION         
extended slab model mapping function is adopted. The        DESCRIPTION         
mapping function is evaluated at geodetic satellite         DESCRIPTION         
elevation angles. For the computation of the ionospheric    DESCRIPTION         
pierce points, a spherical layer with a radius of 6821 km   DESCRIPTION         
is assumed, implying geocentric, not geodetic IONEX         DESCRIPTION         
latitudes.                                                  DESCRIPTION         
Instrumental biases with respect to each involved GNSS code DESCRIPTION         
observable are estimated as constant values for each        DESCRIPTION         
day. They are modeled with one set of bias parameters for   DESCRIPTION         
each satellite and each station in case of GPS and for each DESCRIPTION         
satellite-station link in case of GLONASS. The code bias    DESCRIPTION         
datum is defined by zero-mean conditions imposed on the     DESCRIPTION         
satellite bias estimates. In this file, just GPS C1W-C2W    DESCRIPTION         
satellite and station bias values are included. The         DESCRIPTION         
complete set of GNSS code bias results is provided in an    DESCRIPTION         
additional Bias-SINEX file as pseudo-absolute values        DESCRIPTION         
specific to each observable.                                DESCRIPTION         
Note: These GIM results correspond to the results for the   DESCRIPTION         
middle day of a 3-day combination analysis solving for 73   DESCRIPTION         
times 256, or 18688 VTEC parameters and 3 daily sets of     DESCRIPTION         
GNSS code bias parameters.                                  DESCRIPTION         
Contact address: code(at)aiub.unibe.ch                      DESCRIPTION         
Data archive:    ftp.aiub.unibe.ch/CODE/                    DESCRIPTION         
                 www.aiub.unibe.ch/download/CODE/           DESCRIPTION         
  2020     9     1     0     0     0                        EPOCH OF FIRST MAP  
  2020     9     2     0     0     0                        EPOCH OF LAST MAP   
  3600                                                      INTERVAL            
[...]
daej darw dav1 dgar dhlg drao dubo ebre faa1 fair flin flrs COMMENT             
frdn ftna func ganp glps glsv gmsd gode godz gol2 gold gope COMMENT             
gras graz guam guat guug harb hers hert hlfx hob2 hofn holb COMMENT             
hrao hyde iddr ieng iisc impz ineg invk iqal irkj isba jog2 COMMENT             
joz2 joze karr kerg kir0 kiri kiru kit3 kokb kokv kouc koug COMMENT             
kour krgg lama laut lhaz lmmf lpal lpgs m0se mac1 madr mag0 COMMENT             
maju mal2 mana mas1 mat1 mate maui maw1 mcm4 mdo1 mdvj medi COMMENT             
mets mgue mizu mkea mnls mobj mobk mobs monp morp mqzg mro1 COMMENT             
mtka nano nico nist nium nklg nlib nnor nrc1 nril nrmd ntus COMMENT             
nya1 nyal ohi2 ohi3 onsa opmt ous2 pado parc park pdel penc COMMENT             
pert pfa2 pie1 pimo pol2 polv pots pove prds ptag ptbb qaq1 COMMENT             
quin ramo reun reyk rio2 riop roth salu savo sch2 scor scrz COMMENT             
sctb seyg sfer smst sofi spt0 ssia sthl stjo stk2 str2 suth COMMENT             
sutm suwn sydn syog tabl tabv thtg thti thu2 tid1 tidb tixg COMMENT             
tixi tlse tn22 tong tow2 tro1 tsea tskb twtf txes uclu ufpr COMMENT             
ulab unb3 unbj unbn unsa untr urum usn7 usud vaco vald vill COMMENT             
vtsp wab1 wab2 wark wgtn whit will wind wsrt wtza wtzl wtzr COMMENT             
wtzs wtzz xmis yakt yar2 yar3 yarr yell ykro yssk zamb zeck COMMENT             
zim2 zim3 zimm                                              COMMENT             
                                                            END OF HEADER       
[from data line 5577]
    14                                                      START OF TEC MAP    
  2020     9     1    13     0     0                        EPOCH OF CURRENT MAP
    87.5-180.0 180.0   5.0 450.0                            LAT/LON1/LON2/DLON/H
   80   80   80   80   80   80   80   80   80   80   79   79   79   79   78   78
   77   77   76   76   75   75   74   74   73   73   72   72   71   71   70   70
   69   69   69   68   68   68   68   68   68   68   68   68   68   69   69   69
   70   70   71   71   72   72   73   73   74   74   75   75   76   76   77   77
   78   78   79   79   79   79   80   80   80
    85.0-180.0 180.0   5.0 450.0                            LAT/LON1/LON2/DLON/H
   80   80   81   81   81   81   81   81   81   81   80   80   80   79   78   78
   77   76   76   75   74   73   72   71   70   69   69   68   67   66   65   64
   63   62   62   61   61   60   60   59   59   59   59   60   60   60   61   62
   63   63   64   65   67   68   69   70   71   72   73   74   74   75   76   76
   77   77   78   78   79   79   80   80   80
    82.5-180.0 180.0   5.0 450.0                            LAT/LON1/LON2/DLON/H
   75   76   76   77   77   78   78   78   78   78   78   78   77   77   76   75
   75   74   73   72   71   70   70   69   68   67   66   64   63   62   61   60
   59   58   57   56   55   54   53   52   52   52   51   52   52   52   53   54
   55   57   58   59   61   62   64   65   66   67   68   69   70   71   71   72
   72   72   73   73   74   74   75   75   75
    80.0-180.0 180.0   5.0 450.0                            LAT/LON1/LON2/DLON/H
   67   68   68   69   70   71   72   72   73   73   73   73   73   72   72   71
   71   70   69   69   68   68   67   66   66   65   64   63   62   61   60   59
   57   56   55   53   52   51   49   48   47   46   46   46   46   46   47   48
   49   50   52   54   55   57   58   60   61   62   62   63   63   64   64   64
   64   64   64   64   64   65   65   66   67
    77.5-180.0 180.0   5.0 450.0                            LAT/LON1/LON2/DLON/H
   56   57   58   59   61   62   63   64   65   66   66   66   66   66   66   66
   65   65   65   65   65   65   65   65   64   64   64   63   62   61   60   59
   58   57   56   54   52   51   49   47   46   44   43   42   42   42   42   43
   44   46   47   49   50   51   53   54   54   55   55   55   55   55   54   54
   53   53   52   52   53   53   54   55   56
    75.0-180.0 180.0   5.0 450.0                            LAT/LON1/LON2/DLON/H
   44   46   48   49   51   53   54   56   57   58   59   59   59   59   59   59
   59   60   60   61   62   62   63   64   64   64   64   64   63   63   62   61
   61   60   58   57   55   53   51   49   47   45   43   42   41   41   41   41
   42   43   44   45   46   47   47   48   48   48   47   47   46   45   44   43
   42   41   41   40   41   41   42   43   44
    72.5-180.0 180.0   5.0 450.0                            LAT/LON1/LON2/DLON/H
   35   37   38   40   42   44   46   48   49   51   52   52   53   53   53   53
   54   54   56   57   59   61   62   64   65   65   65   65   64   64   63   63
   63   62   61   60   58   56   54   52   50   48   46   44   43   42   42   42
   42   42   42   42   42   42   42   42   41   41   40   39   38   37   35   34
   32   31   31   30   31   31   32   33   35
    70.0-180.0 180.0   5.0 450.0                            LAT/LON1/LON2/DLON/H
   28   30   31   33   35   36   38   40   42   44   45   47   47   48   48   49
   49   50   52   54   56   59   62   64   65   66   65   65   64   64   63   63
   63   63   62   62   60   59   57   55   53   51   49   48   46   46   45   44
   44   43   42   41   40   39   38   37   36   35   34   33   32   30   29   27
   25   24   24   23   24   24   25   27   28
    67.5-180.0 180.0   5.0 450.0                            LAT/LON1/LON2/DLON/H
   24   25   26   28   29   30   32   33   36   38   40   42   43   44   44   45
   46   47   49   51   54   58   61   63   65   65   65   64   63   62   62   62
   62   62   62   61   60   59   58   56   55   54   53   52   51   50   49   48
   47   45   43   41   39   37   35   33   32   31   30   29   28   27   25   24
   22   21   20   20   20   21   22   23   24
    65.0-180.0 180.0   5.0 450.0                            LAT/LON1/LON2/DLON/H
   22   23   23   23   24   24   25   27   29   32   35   37   40   41   42   43
   43   44   46   49   52   56   60   62   64   64   63   61   60   59   59   59
   60   60   60   59   58   57   56   56   56   56   56   56   56   55   54   53
   51   49   46   42   39   36   33   31   30   29   29   29   28   27   26   24
   22   20   19   19   19   20   21   22   22
    62.5-180.0 180.0   5.0 450.0                            LAT/LON1/LON2/DLON/H
   21   21   20   20   19   19   19   21   23   26   30   33   36   39   40   41
   42   43   45   47   51   54   58   60   62   61   60   58   57   57   57   58
   58   59   58   57   56   55   54   54   55   57   58   59   60   60   59   58
   55   52   49   45   41   37   33   31   30   30   30   31   31   30   29   26
   24   22   20   19   19   20   21   21   21
    60.0-180.0 180.0   5.0 450.0                            LAT/LON1/LON2/DLON/H
   21   20   18   16   15   14   14   15   17   20   25   29   33   36   39   40
   41   42   43   46   49   52   56   58   59   58   57   56   55   55   57   58
   59   59   58   56   54   52   52   53   56   58   61   63   64   64   63   62
   60   57   53   49   44   40   37   34   33   33   34   36   36   35   34   31
   27   24   22   21   21   21   21   21   21
    57.5-180.0 180.0   5.0 450.0                            LAT/LON1/LON2/DLON/H
   20   19   16   14   12   10    9   10   12   15   19   24   29   33   37   39
   41   42   43   44   47   50   54   56   57   56   55   54   55   57   59   62
   63   62   60   57   54   52   52   54   57   61   64   67   68   68   67   66
   64   61   58   54   50   46   42   40   39   39   40   42   43   42   40   36
   32   28   25   23   22   22   22   21   20
    55.0-180.0 180.0   5.0 450.0                            LAT/LON1/LON2/DLON/H
   21   18   16   13   11    8    7    7    8   11   15   20   25   30   34   38
   40   41   42   44   46   49   52   54   55   54   54   54   57   60   65   68
   70   68   65   61   57   55   55   58   61   65   69   71   72   71   70   69
   67   66   64   61   58   54   50   47   46   46   47   49   49   48   46   41
   36   31   27   25   24   23   23   22   21
    52.5-180.0 180.0   5.0 450.0                            LAT/LON1/LON2/DLON/H
   22   20   17   15   12   10    8    7    7    9   12   16   20   25   31   35
   39   41   43   44   46   48   51   53   54   55   55   57   61   66   72   76
   78   76   73   68   64   62   63   65   68   72   75   76   76   75   73   72
   71   71   70   69   67   63   60   56   54   53   54   55   55   54   51   46
   41   35   31   28   27   26   25   24   22
    50.0-180.0 180.0   5.0 450.0                            LAT/LON1/LON2/DLON/H
   26   24   22   19   17   14   12   11   10   10   12   14   17   22   27   33
   38   41   44   45   47   49   52   54   56   57   58   61   66   73   80   85
   86   85   81   77   74   73   74   76   79   81   82   82   81   78   76   75
   75   76   77   77   76   73   69   65   62   60   60   60   60   59   56   51
   46   40   36   33   31   30   30   28   26
    47.5-180.0 180.0   5.0 450.0                            LAT/LON1/LON2/DLON/H
   33   31   28   26   24   22   20   17   16   15   14   15   16   19   24   31
   37   42   46   48   49   51   54   57   59   61   63   67   73   80   87   91
   93   93   90   88   86   86   88   90   91   92   92   90   86   83   80   79
   80   81   83   84   83   81   77   73   69   66   64   64   63   62   59   55
   51   46   41   39   37   37   36   35   33
    45.0-180.0 180.0   5.0 450.0                            LAT/LON1/LON2/DLON/H
   41   38   37   35   34   32   29   27   24   22   20   19   18   19   24   30
   38   45   49   51   53   55   58   61   64   67   70   74   79   85   92   96
   98   98   98   98  100  102  104  105  106  105  102   98   93   89   86   84
   85   87   88   90   89   87   83   79   74   70   68   66   65   64   62   59
   56   51   48   45   44   44   44   42   41
    42.5-180.0 180.0   5.0 450.0                            LAT/LON1/LON2/DLON/H
   49   47   45   44   42   41   38   36   34   31   28   25   22   22   26   32
   41   49   53   56   57   60   63   67   71   74   77   81   85   90   95   98
  101  103  105  109  114  118  121  122  121  118  113  108  102   97   93   91
   91   92   93   93   92   90   87   82   78   73   70   67   66   65   64   62
   60   57   54   52   51   51   51   50   49
    40.0-180.0 180.0   5.0 450.0                            LAT/LON1/LON2/DLON/H
   55   53   52   51   50   48   46   44   42   40   37   33   30   28   30   37
   46   54   59   61   63   65   68   73   78   82   86   89   92   95   97  100
  104  108  114  121  128  134  138  138  135  131  126  119  113  107  103  101
   99   98   97   96   94   91   88   84   80   75   71   68   66   65   65   64
   63   61   59   57   57   57   58   57   55
    37.5-180.0 180.0   5.0 450.0                            LAT/LON1/LON2/DLON/H
   60   58   56   55   54   52   51   49   48   47   45   42   38   36   37   44
   52   60   65   67   68   70   74   79   84   89   93   96   98   99  101  104
  108  115  124  134  143  150  153  153  150  145  139  133  126  120  116  112
  109  106  102   98   95   92   89   86   82   77   73   69   67   65   65   65
   65   63   61   60   60   61   61   61   60
    35.0-180.0 180.0   5.0 450.0                            LAT/LON1/LON2/DLON/H
   61   59   57   56   55   54   52   50   50   51   51   49   46   43   45   51
   59   66   71   72   73   75   79   84   90   96  100  103  104  105  106  110
  117  127  138  149  159  165  168  166  163  159  153  147  141  135  130  126
  122  116  109  103   98   94   91   88   84   80   75   71   67   65   64   64
   64   63   61   60   60   61   62   62   61
    32.5-180.0 180.0   5.0 450.0                            LAT/LON1/LON2/DLON/H
   60   58   56   55   54   53   51   49   49   51   53   53   51   50   52   57
   65   72   75   77   77   79   83   88   94  100  105  109  110  111  114  121
  131  143  155  166  174  178  179  178  175  172  168  163  158  152  147  143
  137  129  120  111  104   99   96   92   87   83   78   73   68   65   63   62
   62   61   59   58   58   59   61   61   60
    30.0-180.0 180.0   5.0 450.0                            LAT/LON1/LON2/DLON/H
   58   57   55   54   53   51   49   47   47   49   52   54   54   53   56   61
   68   75   78   80   81   83   86   91   97  103  109  113  116  119  125  135
  149  163  174  183  187  189  188  188  187  186  184  180  175  170  166  161
  155  146  135  124  116  109  104   98   92   87   81   76   70   65   62   60
   59   58   56   55   55   57   58   59   58
    27.5-180.0 180.0   5.0 450.0                            LAT/LON1/LON2/DLON/H
   57   55   54   53   53   51   49   46   45   47   50   52   53   53   56   62
   69   75   79   81   83   86   89   93   98  104  111  116  121  128  138  152
  169  184  194  198  198  196  195  195  197  199  200  198  193  189  185  181
  175  165  154  143  133  125  116  107   98   91   85   79   73   66   61   58
   56   55   54   53   53   54   56   57   57
    25.0-180.0 180.0   5.0 450.0                            LAT/LON1/LON2/DLON/H
   56   56   55   55   55   54   51   47   45   45   47   49   49   50   53   59
   66   73   78   81   85   88   91   95   99  104  111  118  126  136  151  170
  190  204  211  210  205  201  199  202  207  212  215  214  211  207  204  201
  196  188  177  166  155  144  132  118  106   97   90   84   77   69   63   58
   55   53   52   51   51   52   54   55   56
    22.5-180.0 180.0   5.0 450.0                            LAT/LON1/LON2/DLON/H
   57   57   58   58   59   58   56   51   47   45   45   45   44   44   47   53
   61   69   75   80   85   90   93   96   99  104  112  120  131  144  163  186
  208  222  224  218  209  203  203  209  217  225  230  230  228  225  223  222
  218  211  202  191  179  166  149  131  115  103   95   89   82   74   67   60
   56   54   53   52   52   53   54   56   57
    20.0-180.0 180.0   5.0 450.0                            LAT/LON1/LON2/DLON/H
   59   60   62   63   64   64   62   57   52   48   45   42   39   38   41   47
   56   65   72   79   86   91   95   97  100  105  113  123  136  152  174  200
  222  234  233  223  212  206  208  217  227  237  243  244  243  242  241  241
  239  234  225  215  203  188  167  145  125  111  102   96   89   81   72   65
   60   57   55   55   54   54   55   57   59
    17.5-180.0 180.0   5.0 450.0                            LAT/LON1/LON2/DLON/H
   61   63   65   67   69   69   68   64   58   52   46   41   37   34   36   42
   52   62   71   79   87   93   96   99  102  108  117  128  143  161  185  211
  233  243  239  227  215  211  216  227  238  248  254  256  257  257  258  259
  258  253  246  236  224  207  184  158  136  120  111  105   98   89   80   71
   65   61   59   58   57   57   57   58   61
    15.0-180.0 180.0   5.0 450.0                            LAT/LON1/LON2/DLON/H
   61   65   67   69   71   72   72   68   63   56   50   43   36   33   34   40
   50   61   72   81   88   94   98  102  106  114  124  137  152  172  196  221
  241  248  243  231  221  220  227  239  250  258  263  266  267  269  272  273
  272  268  261  252  239  221  197  171  147  131  121  114  106   98   88   78
   70   65   62   61   60   58   58   59   61
    12.5-180.0 180.0   5.0 450.0                            LAT/LON1/LON2/DLON/H
   61   64   66   67   69   71   71   70   65   59   53   45   38   34   35   41
   52   64   75   84   92   97  101  106  112  122  135  149  166  185  208  231
  247  253  247  237  231  233  242  253  262  266  269  272  275  278  281  283
  282  277  269  259  247  229  206  181  159  142  132  123  115  105   95   85
   75   68   64   63   61   59   57   58   61
    10.0-180.0 180.0   5.0 450.0                            LAT/LON1/LON2/DLON/H
   59   62   63   63   64   65   67   66   64   60   54   48   41   37   38   46
   57   70   81   90   96  101  105  111  121  133  148  165  182  201  222  241
  254  258  254  247  244  249  259  267  271  271  271  273  278  283  286  287
  285  279  270  260  247  231  210  189  169  153  141  131  121  110  100   89
   79   71   65   63   61   58   56   57   59
     7.5-180.0 180.0   5.0 450.0                            LAT/LON1/LON2/DLON/H
   56   58   59   57   57   57   58   59   58   56   53   49   44   41   43   51
   63   76   88   97  102  106  111  119  131  146  164  182  200  218  236  251
  261  264  261  258  259  266  274  278  276  272  269  270  275  281  285  285
  282  274  264  253  240  226  210  193  177  162  149  136  123  112  101   91
   80   71   65   62   60   57   55   55   56
     5.0-180.0 180.0   5.0 450.0                            LAT/LON1/LON2/DLON/H
   54   55   54   51   49   48   48   49   50   50   50   48   45   44   48   56
   69   83   95  104  109  113  118  127  142  160  179  199  218  235  249  260
  267  269  268  268  272  278  284  283  276  267  261  262  267  273  277  277
  272  264  253  240  228  216  204  192  180  166  151  135  121  109   99   90
   80   71   65   61   59   56   54   53   54
     2.5-180.0 180.0   5.0 450.0                            LAT/LON1/LON2/DLON/H
   52   52   50   46   42   40   39   39   40   42   44   44   44   45   49   59
   72   87  100  110  116  120  126  137  152  172  193  213  232  248  259  267
  270  271  272  274  279  284  285  279  268  255  248  248  253  259  262  262
  257  248  236  223  211  201  193  186  177  164  148  129  114  102   94   87
   78   70   64   61   59   56   54   53   52
