gamp/2020245/codg2450.20i
     1.0            IONOSPHERE MAPS     GNSS                IONEX VERSION / TYPE
ADDNEQ2 V5.3        AIUB                05-SEP-20 20:03     PGM / RUN BY / DATE 
CODE'S GLOBAL IONOSPHERE MAPS FOR DAY 245, 2020             COMMENT             
Global ionosphere maps (GIM) are generated on a daily basis DESCRIPTION         
at CODE using data from about 300 GNSS sites of the IGS and DESCRIPTION         
other institutions. The vertical total electron content     DESCRIPTION         
(VTEC) is modeled in a solar-geomagnetic reference frame    DESCRIPTION         
using a spherical harmonics expansion up to degree and      DESCRIPTION         
order 15. Piece-wise linear functions are used for          DESCRIPTION         
representation in the time domain. The time spacing of      DESCRIPTION         
their vertices is 1 hour, conforming with the epochs of the DESCRIPTION         
VTEC maps.                                                  DESCRIPTION         
To convert line-of-sight TEC into vertical TEC, a modified  DESCRIPTION         
single-layer model mapping function approximating the JPL   DESCRIPTION         
extended slab model mapping function is adopted. The        DESCRIPTION         
mapping function is evaluated at geodetic satellite         DESCRIPTION         
elevation angles. For the computation of the ionospheric    DESCRIPTION         
pierce points, a spherical layer with a radius of 6821 km   DESCRIPTION         
is assumed, implying geocentric, not geodetic IONEX         DESCRIPTION         
latitudes.                                                  DESCRIPTION         
Instrumental biases with respect to each involved GNSS code DESCRIPTION         
observable are estimated as constant values for each        DESCRIPTION         
day. They are modeled with one set of bias parameters for   DESCRIPTION         
each satellite and each station in case of GPS and for each DESCRIPTION         
satellite-station link in case of GLONASS. The code bias    DESCRIPTION         
datum is defined by zero-mean conditions imposed on the     DESCRIPTION         
satellite bias estimates. In this file, just GPS C1W-C2W    DESCRIPTION         
satellite and station bias values are included. The         DESCRIPTION         
complete set of GNSS code bias results is provided in an    DESCRIPTION         
additional Bias-SINEX file as pseudo-absolute values        DESCRIPTION         
specific to each observable.                                DESCRIPTION         
Note: These GIM results correspond to the results for the   DESCRIPTION         
middle day of a 3-day combination analysis solving for 73   DESCRIPTION         
times 256, or 18688 VTEC parameters and 3 daily sets of     DESCRIPTION         
GNSS code bias parameters.                                  DESCRIPTION         
Contact address: code(at)aiub.unibe.ch                      DESCRIPTION         
Data archive:    ftp.aiub.unibe.ch/CODE/                    DESCRIPTION         
                 www.aiub.unibe.ch/download/CODE/           DESCRIPTION         
  2020     9     1     0     0     0                        EPOCH OF FIRST MAP  
  2020     9     2     0     0     0                        EPOCH OF LAST MAP   
  3600                                                      INTERVAL            
[...]
daej darw dav1 dgar dhlg drao dubo ebre faa1 fair flin flrs COMMENT             
frdn ftna func ganp glps glsv gmsd gode godz gol2 gold gope COMMENT             
gras graz guam guat guug harb hers hert hlfx hob2 hofn holb COMMENT             
hrao hyde iddr ieng iisc impz ineg invk iqal irkj isba jog2 COMMENT             
joz2 joze karr kerg kir0 kiri kiru kit3 kokb kokv kouc koug COMMENT             
kour krgg lama laut lhaz lmmf lpal lpgs m0se mac1 madr mag0 COMMENT             
maju mal2 mana mas1 mat1 mate maui maw1 mcm4 mdo1 mdvj medi COMMENT             
mets mgue mizu mkea mnls mobj mobk mobs monp morp mqzg mro1 COMMENT             
mtka nano nico nist nium nklg nlib nnor nrc1 nril nrmd ntus COMMENT             
nya1 nyal ohi2 ohi3 onsa opmt ous2 pado parc park pdel penc COMMENT             
pert pfa2 pie1 pimo pol2 polv pots pove prds ptag ptbb qaq1 COMMENT             
quin ramo reun reyk rio2 riop roth salu savo sch2 scor scrz COMMENT             
sctb seyg sfer smst sofi spt0 ssia sthl stjo stk2 str2 suth COMMENT             
sutm suwn sydn syog tabl tabv thtg thti thu2 tid1 tidb tixg COMMENT             
tixi tlse tn22 tong tow2 tro1 tsea tskb twtf txes uclu ufpr COMMENT             
ulab unb3 unbj unbn unsa untr urum usn7 usud vaco vald vill COMMENT             
vtsp wab1 wab2 wark wgtn whit will wind wsrt wtza wtzl wtzr COMMENT             
wtzs wtzz xmis yakt yar2 yar3 yarr yell ykro yssk zamb zeck COMMENT             
zim2 zim3 zimm                                              COMMENT             
                                                            END OF HEADER       
[from data line 6864]
    17                                                      START OF TEC MAP    
  2020     9     1    16     0     0                        EPOCH OF CURRENT MAP
    87.5-180.0 180.0   5.0 450.0                            LAT/LON1/LON2/DLON/H
   74   74   74   74   74   74   74   74   74   74   74   74   74   74   73   73
   73   73   72   72   72   71   71   71   70   70   70   69   69   69   69   68
   68   68   68   68   68   68   68   68   68   68   69   69   69   69   70   70
   70   71   71   71   72   72   72   72   73   73   73   73   73   73   73   74
   74   74   74   74   74   74   74   74   74
    85.0-180.0 180.0   5.0 450.0                            LAT/LON1/LON2/DLON/H
   73   74   74   74   75   75   75   75   76   76   76   76   75   75   75   75
   74   74   73   73   72   72   71   70   70   69   68   68   67   66   66   65
   65   64   64   64   64   63   63   64   64   64   65   65   66   66   67   68
   69   69   70   71   71   72   73   73   73   73   74   74   74   73   73   73
   73   73   73   73   73   73   73   73   73
    82.5-180.0 180.0   5.0 450.0                            LAT/LON1/LON2/DLON/H
   70   70   71   72   73   74   75   75   76   76   76   76   76   76   76   75
   75   74   74   73   73   72   71   71   70   69   68   68   67   66   65   64
   63   62   61   60   60   60   59   59   59   60   60   61   62   63   64   65
   66   68   69   70   71   72   72   73   73   73   73   72   72   71   71   70
   69   69   68   68   68   68   69   69   70
    80.0-180.0 180.0   5.0 450.0                            LAT/LON1/LON2/DLON/H
   63   64   66   68   69   71   72   73   74   75   76   76   76   75   75   74
   74   74   73   73   73   73   72   72   72   71   70   69   68   67   65   64
   62   61   60   59   58   57   56   56   56   56   56   57   57   58   60   61
   63   64   66   67   69   70   70   71   71   70   70   69   68   66   65   64
   63   62   61   60   60   60   61   62   63
    77.5-180.0 180.0   5.0 450.0                            LAT/LON1/LON2/DLON/H
   55   57   59   62   64   66   68   70   71   72   73   73   73   72   72   71
   71   71   71   72   72   73   73   74   74   73   73   72   70   69   67   65
   63   61   60   58   56   55   54   53   52   52   52   52   53   53   55   56
   57   59   61   63   64   65   66   66   66   65   64   63   61   59   57   55
   54   52   51   51   51   51   52   53   55
    75.0-180.0 180.0   5.0 450.0                            LAT/LON1/LON2/DLON/H
   47   49   52   55   58   60   63   65   67   68   69   69   68   68   67   67
   66   67   68   69   71   73   74   75   76   76   76   74   73   71   69   66
   64   62   60   58   56   54   53   51   50   49   48   48   48   48   49   50
   51   52   54   56   57   58   59   59   59   58   56   54   52   50   48   46
   44   42   41   41   41   42   43   45   47
    72.5-180.0 180.0   5.0 450.0                            LAT/LON1/LON2/DLON/H
   39   42   45   48   51   54   57   60   62   63   64   64   63   62   61   61
   61   62   63   66   69   72   75   77   78   78   78   76   74   72   69   67
   64   62   59   57   55   53   51   49   48   46   45   44   43   43   43   43
   44   45   46   47   48   49   50   50   49   48   47   45   43   41   39   37
   35   34   33   33   33   34   35   37   39
    70.0-180.0 180.0   5.0 450.0                            LAT/LON1/LON2/DLON/H
   34   36   39   41   44   47   51   54   56   58   59   59   58   57   56   55
   55   57   59   63   67   72   75   78   79   79   78   76   73   71   68   66
   63   61   58   56   54   52   50   48   46   45   43   42   41   40   39   39
   38   38   39   39   40   40   40   40   40   39   37   36   34   32   31   29
   28   27   27   27   28   29   30   32   34
    67.5-180.0 180.0   5.0 450.0                            LAT/LON1/LON2/DLON/H
   30   31   33   36   38   41   45   48   51   53   55   55   55   54   52   52
   52   54   57   61   67   72   76   78   79   78   77   74   71   69   66   64
   62   60   57   55   52   50   48   46   45   44   43   42   40   39   38   36
   35   34   33   33   32   32   31   31   31   30   29   28   27   26   25   24
   23   23   23   24   25   26   27   28   30
    65.0-180.0 180.0   5.0 450.0                            LAT/LON1/LON2/DLON/H
   27   28   29   31   33   36   39   43   47   50   52   53   53   53   52   51
   51   53   57   62   67   72   76   78   78   77   74   71   69   67   66   64
   63   61   58   55   52   49   47   46   45   44   44   43   43   41   40   38
   35   33   31   29   27   26   25   24   24   23   23   23   22   22   21   21
   21   21   22   22   23   24   25   26   27
    62.5-180.0 180.0   5.0 450.0                            LAT/LON1/LON2/DLON/H
   24   24   25   26   29   31   35   39   43   47   50   53   53   54   53   53
   53   55   59   64   69   73   77   78   76   74   71   69   67   67   67   67
   66   64   61   56   52   49   47   46   46   46   47   48   48   47   45   43
   39   36   32   29   26   23   22   20   20   20   20   20   20   20   20   20
   20   20   21   21   22   23   23   24   24
    60.0-180.0 180.0   5.0 450.0                            LAT/LON1/LON2/DLON/H
   21   21   22   23   25   28   32   37   41   46   50   53   55   56   56   56
   57   59   62   66   71   75   77   76   74   71   69   68   68   70   73   74
   74   71   66   61   55   51   49   48   49   51   53   54   55   55   53   50
   46   42   37   32   28   24   22   20   19   19   20   21   21   21   21   21
   21   20   20   21   21   21   21   21   21
    57.5-180.0 180.0   5.0 450.0                            LAT/LON1/LON2/DLON/H
   18   18   19   21   23   27   31   36   41   45   49   53   56   58   59   60
   61   63   66   69   73   75   76   75   72   70   68   69   72   77   81   84
   84   80   74   67   61   56   53   53   54   57   60   62   64   64   63   59
   55   50   44   38   32   28   24   22   22   22   23   24   24   24   24   23
   22   21   21   20   20   20   19   19   18
    55.0-180.0 180.0   5.0 450.0                            LAT/LON1/LON2/DLON/H
   17   17   18   20   23   27   32   36   41   45   49   53   56   59   62   64
   65   67   69   71   74   75   75   74   71   69   69   72   78   85   92   95
   95   90   83   74   67   62   60   60   62   65   68   71   73   74   72   69
   64   58   52   45   39   33   29   27   26   26   27   28   29   29   28   27
   25   24   22   21   20   19   18   17   17
    52.5-180.0 180.0   5.0 450.0                            LAT/LON1/LON2/DLON/H
   18   18   19   21   25   29   34   38   42   45   48   52   55   59   63   66
   68   70   71   72   74   75   74   73   71   70   72   77   85   94  101  105
  103   98   89   81   74   70   69   69   72   75   78   81   82   83   81   78
   73   67   60   53   46   40   35   33   32   32   33   34   34   34   33   31
   29   27   25   24   22   21   19   18   18
    50.0-180.0 180.0   5.0 450.0                            LAT/LON1/LON2/DLON/H
   21   21   22   25   28   33   37   42   45   47   48   51   54   59   64   68
   71   72   72   73   73   74   74   74   73   74   77   84   93  101  108  110
  107  101   93   85   80   79   79   81   84   86   88   90   91   91   89   85
   81   75   68   61   54   47   42   39   38   38   39   39   40   39   38   36
   35   33   31   29   27   26   24   22   21
    47.5-180.0 180.0   5.0 450.0                            LAT/LON1/LON2/DLON/H
   28   27   27   29   33   37   42   45   48   49   50   51   54   59   65   71
   74   75   74   74   74   75   76   77   78   80   84   91   98  105  109  109
  105   99   92   88   86   88   91   94   97   98   99   99   99   98   95   92
   87   82   76   69   62   55   49   46   44   44   44   45   45   44   44   42
   41   40   38   37   35   33   32   30   28
    45.0-180.0 180.0   5.0 450.0                            LAT/LON1/LON2/DLON/H
   36   35   34   35   37   41   46   50   52   53   53   54   58   63   70   76
   79   80   78   77   77   78   80   83   85   88   92   98  103  106  107  105
  100   94   90   89   92   98  104  108  110  111  110  109  107  105  101   97
   93   89   83   77   70   62   56   52   50   49   49   49   49   49   49   49
   48   47   47   46   44   43   41   39   36
    42.5-180.0 180.0   5.0 450.0                            LAT/LON1/LON2/DLON/H
   45   42   40   40   41   44   49   53   57   58   59   61   65   71   78   84
   88   87   85   83   83   85   88   92   95   98  102  104  106  105  103   99
   94   91   90   94  100  109  117  122  124  123  121  118  115  112  108  103
   99   95   90   84   77   70   63   58   56   54   54   54   53   53   53   54
   54   54   54   54   53   52   50   48   45
    40.0-180.0 180.0   5.0 450.0                            LAT/LON1/LON2/DLON/H
   52   49   46   44   44   46   50   56   61   65   67   70   75   82   90   97
   99   98   94   92   91   94   99  103  107  110  112  112  110  106  101   96
   94   94   97  103  112  123  131  136  137  135  132  128  124  120  114  109
  104  100   96   91   84   76   69   64   60   58   58   57   57   57   57   58
   58   58   59   59   59   59   57   55   52
    37.5-180.0 180.0   5.0 450.0                            LAT/LON1/LON2/DLON/H
   56   53   49   46   45   46   51   57   64   71   76   82   88   97  105  111
  113  110  106  102  102  105  110  115  119  121  122  120  116  110  105  103
  104  108  114  122  130  139  146  149  149  146  143  139  134  128  121  114
  109  105  101   95   88   81   74   68   64   62   60   60   59   59   59   59
   60   60   60   60   61   61   60   59   56
    35.0-180.0 180.0   5.0 450.0                            LAT/LON1/LON2/DLON/H
   56   53   50   46   44   45   50   57   66   76   84   93  102  111  120  125
  126  122  117  113  113  116  122  127  130  132  132  129  125  120  118  120
  126  134  142  148  154  158  161  162  160  157  154  150  145  137  128  119
  112  107  103   97   91   83   76   70   66   64   62   61   61   60   60   59
   59   58   57   57   58   59   59   58   56
    32.5-180.0 180.0   5.0 450.0                            LAT/LON1/LON2/DLON/H
   53   52   49   46   43   44   49   57   67   79   90  101  112  123  131  136
  136  132  126  122  122  126  131  135  138  139  140  139  137  136  139  147
  160  172  180  182  181  179  177  174  171  168  165  162  156  146  134  123
  114  108  103   97   90   83   76   70   66   64   62   62   61   60   59   58
   56   54   53   52   52   53   54   54   53
    30.0-180.0 180.0   5.0 450.0                            LAT/LON1/LON2/DLON/H
   49   49   47   45   44   44   48   57   68   80   93  106  119  130  138  142
  142  138  132  129  129  132  136  139  141  144  147  150  152  157  166  182
  201  216  223  219  210  199  191  185  181  178  176  173  166  154  139  125
  114  106  100   94   87   80   74   69   65   62   61   61   61   60   58   55
   53   50   47   46   46   47   48   49   49
    27.5-180.0 180.0   5.0 450.0                            LAT/LON1/LON2/DLON/H
   45   46   46   46   45   46   50   58   68   80   94  107  120  131  139  143
  143  140  136  133  133  135  137  140  142  146  152  159  168  179  196  218
  242  259  263  253  235  218  204  196  191  189  188  185  176  162  144  126
  113  103   96   89   82   76   70   66   62   59   59   59   59   58   56   53
   50   47   44   42   41   42   43   44   45
    25.0-180.0 180.0   5.0 450.0                            LAT/LON1/LON2/DLON/H
   43   45   47   48   49   51   55   61   70   80   92  105  118  128  136  140
  141  140  138  136  135  136  137  138  140  145  155  168  182  200  222  249
  276  294  294  278  255  232  216  206  202  200  199  196  186  169  148  128
  112  100   92   84   78   72   67   62   58   56   55   56   57   56   54   52
   49   46   43   41   40   40   40   41   43
    22.5-180.0 180.0   5.0 450.0                            LAT/LON1/LON2/DLON/H
   44   46   49   52   54   57   61   66   73   81   90  102  113  123  130  135
  139  141  141  140  139  138  137  136  139  146  159  176  195  216  241  271
  298  314  312  293  266  242  226  217  214  212  211  207  196  176  153  130
  112  100   90   81   74   69   64   60   56   53   52   53   54   54   53   51
   49   47   45   43   42   41   41   42   44
    20.0-180.0 180.0   5.0 450.0                            LAT/LON1/LON2/DLON/H
   46   48   52   55   59   64   69   73   78   83   90   99  109  118  125  132
  139  145  148  149  146  143  140  138  141  149  164  183  205  228  253  280
  305  319  315  296  270  249  235  229  226  225  223  218  205  184  158  134
  115  101   91   81   74   68   64   60   55   51   50   51   52   52   52   51
   51   50   50   48   47   45   45   45   46
    17.5-180.0 180.0   5.0 450.0                            LAT/LON1/LON2/DLON/H
   49   51   54   58   63   69   75   80   83   86   91   99  107  116  124  133
  144  154  161  162  158  153  148  146  148  157  173  193  215  236  257  280
  300  310  306  289  269  253  245  242  240  238  234  227  213  191  164  139
  120  106   94   84   76   70   66   62   57   52   50   49   50   50   50   51
   52   54   54   53   52   50   49   49   49
    15.0-180.0 180.0   5.0 450.0                            LAT/LON1/LON2/DLON/H
   51   52   55   58   64   71   79   85   89   91   95  102  110  118  127  139
  154  169  179  181  176  169  163  161  163  171  186  205  225  243  259  274
  288  295  291  279  266  257  255  254  252  249  243  235  219  197  170  146
  126  112  100   89   81   75   71   67   61   56   52   50   49   49   49   50
   53   55   57   57   56   54   53   52   51
    12.5-180.0 180.0   5.0 450.0                            LAT/LON1/LON2/DLON/H
   52   51   52   55   61   69   78   87   93   97  101  108  116  125  136  150
  169  188  201  204  198  190  183  181  184  192  205  221  238  252  261  269
  276  279  276  269  264  263  265  266  263  257  249  239  223  201  175  151
  132  118  106   95   86   80   77   73   68   61   56   52   50   48   48   49
   52   55   57   57   56   55   54   53   52
    10.0-180.0 180.0   5.0 450.0                            LAT/LON1/LON2/DLON/H
   50   48   48   49   54   63   74   85   94  101  107  115  125  135  148  164
  185  207  222  226  221  213  207  206  209  216  227  241  254  264  268  270
  270  269  267  265  265  269  274  274  269  260  250  238  222  201  176  153
  135  121  110   99   90   85   82   79   75   68   61   55   51   48   46   47
   49   52   54   55   54   53   52   51   50
     7.5-180.0 180.0   5.0 450.0                            LAT/LON1/LON2/DLON/H
   46   44   42   42   45   53   66   80   92  103  112  122  134  147  161  178
  200  223  240  245  241  234  230  231  235  241  249  261  272  280  281  277
  271  267  265  266  270  275  279  278  269  257  245  232  217  197  173  151
  133  120  109   99   91   86   85   83   80   74   66   59   53   49   46   45
   46   48   49   50   49   49   48   47   46
     5.0-180.0 180.0   5.0 450.0                            LAT/LON1/LON2/DLON/H
   42   39   36   34   36   43   56   72   89  102  115  128  142  157  172  189
  211  233  250  257  255  250  249  253  258  263  270  280  290  297  296  289
  280  273  270  271  275  279  280  274  263  248  234  221  206  187  165  144
  127  114  104   95   88   84   84   84   82   77   70   62   55   50   45   43
   43   44   44   44   44   44   44   43   42
     2.5-180.0 180.0   5.0 450.0                            LAT/LON1/LON2/DLON/H
   39   36   32   28   29   35   47   65   84  101  116  132  148  164  180  196
  216  236  253  261  261  260  262  269  275  281  286  294  304  312  311  303
  291  282  277  276  277  277  273  263  249  234  219  206  192  174  152  132
  115  104   95   87   81   78   79   81   81   77   71   63   57   51   46   43
   42   41   41   40   40   40   41   40   39
