gamp/2020245/codg2450.20i
     1.0            IONOSPHERE MAPS     GNSS                IONEX VERSION / TYPE
ADDNEQ2 V5.3        AIUB                05-SEP-20 20:03     PGM / RUN BY / DATE 
CODE'S GLOBAL IONOSPHERE MAPS FOR DAY 245, 2020             COMMENT             
Global ionosphere maps (GIM) are generated on a daily basis DESCRIPTION         
at CODE using data from about 300 GNSS sites of the IGS and DESCRIPTION         
other institutions. The vertical total electron content     DESCRIPTION         
(VTEC) is modeled in a solar-geomagnetic reference frame    DESCRIPTION         
using a spherical harmonics expansion up to degree and      DESCRIPTION         
order 15. Piece-wise linear functions are used for          DESCRIPTION         
representation in the time domain. The time spacing of      DESCRIPTION         
their vertices is 1 hour, conforming with the epochs of the DESCRIPTION         
VTEC maps.                                                  DESCRIPTION         
To convert line-of-sight TEC into vertical TEC, a modified  DESCRIPTION         
single-layer model mapping function approximating the JPL   DESCRIPTION         
extended slab model mapping function is adopted. The        DESCRIPTION         
mapping function is evaluated at geodetic satellite         DESCRIPTION         
elevation angles. For the computation of the ionospheric    DESCRIPTION         
pierce points, a spherical layer with a radius of 6821 km   DESCRIPTION         
is assumed, implying geocentric, not geodetic IONEX         DESCRIPTION         
latitudes.                                                  DESCRIPTION         
Instrumental biases with respect to each involved GNSS code DESCRIPTION         
observable are estimated as constant values for each        DESCRIPTION         
day. They are modeled with one set of bias parameters for   DESCRIPTION         
each satellite and each station in case of GPS and for each DESCRIPTION         
satellite-station link in case of GLONASS. The code bias    DESCRIPTION         
datum is defined by zero-mean conditions imposed on the     DESCRIPTION         
satellite bias estimates. In this file, just GPS C1W-C2W    DESCRIPTION         
satellite and station bias values are included. The         DESCRIPTION         
complete set of GNSS code bias results is provided in an    DESCRIPTION         
additional Bias-SINEX file as pseudo-absolute values        DESCRIPTION         
specific to each observable.                                DESCRIPTION         
Note: These GIM results correspond to the results for the   DESCRIPTION         
middle day of a 3-day combination analysis solving for 73   DESCRIPTION         
times 256, or 18688 VTEC parameters and 3 daily sets of     DESCRIPTION         
GNSS code bias parameters.                                  DESCRIPTION         
Contact address: code(at)aiub.unibe.ch                      DESCRIPTION         
Data archive:    ftp.aiub.unibe.ch/CODE/                    DESCRIPTION         
                 www.aiub.unibe.ch/download/CODE/           DESCRIPTION         
  2020     9     1     0     0     0                        EPOCH OF FIRST MAP  
  2020     9     2     0     0     0                        EPOCH OF LAST MAP   
  3600                                                      INTERVAL            
[...]
daej darw dav1 dgar dhlg drao dubo ebre faa1 fair flin flrs COMMENT             
frdn ftna func ganp glps glsv gmsd gode godz gol2 gold gope COMMENT             
gras graz guam guat guug harb hers hert hlfx hob2 hofn holb COMMENT             
hrao hyde iddr ieng iisc impz ineg invk iqal irkj isba jog2 COMMENT             
joz2 joze karr kerg kir0 kiri kiru kit3 kokb kokv kouc koug COMMENT             
kour krgg lama laut lhaz lmmf lpal lpgs m0se mac1 madr mag0 COMMENT             
maju mal2 mana mas1 mat1 mate maui maw1 mcm4 mdo1 mdvj medi COMMENT             
mets mgue mizu mkea mnls mobj mobk mobs monp morp mqzg mro1 COMMENT             
mtka nano nico nist nium nklg nlib nnor nrc1 nril nrmd ntus COMMENT             
nya1 nyal ohi2 ohi3 onsa opmt ous2 pado parc park pdel penc COMMENT             
pert pfa2 pie1 pimo pol2 polv pots pove prds ptag ptbb qaq1 COMMENT             
quin ramo reun reyk rio2 riop roth salu savo sch2 scor scrz COMMENT             
sctb seyg sfer smst sofi spt0 ssia sthl stjo stk2 str2 suth COMMENT             
sutm suwn sydn syog tabl tabv thtg thti thu2 tid1 tidb tixg COMMENT             
tixi tlse tn22 tong tow2 tro1 tsea tskb twtf txes uclu ufpr COMMENT             
ulab unb3 unbj unbn unsa untr urum usn7 usud vaco vald vill COMMENT             
vtsp wab1 wab2 wark wgtn whit will wind wsrt wtza wtzl wtzr COMMENT             
wtzs wtzz xmis yakt yar2 yar3 yarr yell ykro yssk zamb zeck COMMENT             
zim2 zim3 zimm                                              COMMENT             
                                                            END OF HEADER       
[from data line 2145]
     6                                                      START OF TEC MAP    
  2020     9     1     5     0     0                        EPOCH OF CURRENT MAP
    87.5-180.0 180.0   5.0 450.0                            LAT/LON1/LON2/DLON/H
   68   69   69   69   70   70   70   70   70   70   70   70   69   69   68   68
   68   67   66   66   65   65   64   63   63   62   62   61   61   61   60   60
   60   60   59   59   59   59   59   59   59   59   59   59   59   59   60   60
   60   60   60   60   61   61   61   62   62   62   63   63   63   64   64   64
   65   65   66   66   67   67   68   68   68
    85.0-180.0 180.0   5.0 450.0                            LAT/LON1/LON2/DLON/H
   68   69   70   71   72   73   73   73   74   74   73   73   72   71   70   69
   68   66   65   63   62   61   59   58   57   56   55   54   54   53   53   53
   53   53   53   53   53   53   53   53   53   53   54   54   54   54   54   55
   55   55   56   56   56   57   57   57   58   58   58   59   59   60   60   61
   61   62   63   64   65   65   66   67   68
    82.5-180.0 180.0   5.0 450.0                            LAT/LON1/LON2/DLON/H
   65   66   68   70   71   73   74   75   75   75   75   74   73   71   70   67
   65   63   60   58   56   53   51   50   48   47   46   45   45   45   45   45
   46   46   47   47   48   48   48   49   49   49   49   49   50   50   50   51
   51   52   52   53   53   53   54   54   54   55   55   55   55   55   56   56
   56   57   57   58   59   60   62   63   65
    80.0-180.0 180.0   5.0 450.0                            LAT/LON1/LON2/DLON/H
   58   61   63   65   68   70   72   73   74   74   74   73   71   69   67   64
   61   58   54   51   48   45   43   41   39   38   37   37   37   37   38   39
   40   41   42   43   44   45   45   46   46   46   46   47   47   47   48   48
   49   50   51   51   52   53   53   53   54   53   53   53   53   52   52   51
   51   51   51   52   52   53   55   56   58
    77.5-180.0 180.0   5.0 450.0                            LAT/LON1/LON2/DLON/H
   51   53   56   59   62   64   67   69   70   70   70   69   68   65   62   59
   56   52   48   44   41   38   35   33   32   31   30   30   31   32   33   35
   37   39   40   42   43   44   44   45   45   45   45   45   46   46   47   48
   49   50   52   53   54   55   55   55   55   55   54   54   53   52   50   49
   48   47   47   46   46   47   48   49   51
    75.0-180.0 180.0   5.0 450.0                            LAT/LON1/LON2/DLON/H
   45   46   49   52   54   57   60   62   64   64   64   64   62   60   57   54
   50   47   43   40   36   34   31   29   28   27   27   27   28   30   31   33
   35   38   40   41   43   44   44   45   45   45   45   45   46   47   48   49
   51   53   55   56   58   58   59   59   59   58   57   56   55   53   52   50
   49   47   46   44   43   43   43   43   45
    72.5-180.0 180.0   5.0 450.0                            LAT/LON1/LON2/DLON/H
   41   42   43   45   48   50   53   54   56   57   57   56   55   54   51   49
   46   43   40   38   35   33   31   30   29   28   28   28   28   30   31   33
   35   37   39   41   42   43   44   44   44   44   45   45   46   48   50   52
   54   57   59   61   62   63   63   63   62   61   60   59   57   56   55   54
   52   50   48   46   44   43   42   41   41
    70.0-180.0 180.0   5.0 450.0                            LAT/LON1/LON2/DLON/H
   41   41   41   42   43   44   45   47   48   48   49   48   48   47   46   45
   43   41   39   38   36   35   34   33   32   31   31   30   30   31   32   33
   34   36   37   39   40   41   41   42   43   43   44   46   48   50   52   55
   58   61   63   65   66   66   66   65   64   62   61   60   60   59   59   58
   57   56   54   52   49   47   45   43   41
    67.5-180.0 180.0   5.0 450.0                            LAT/LON1/LON2/DLON/H
   46   44   42   41   40   40   40   40   40   40   40   40   41   41   41   41
   41   40   40   39   38   38   37   37   36   36   35   33   32   32   31   32
   32   33   34   35   36   36   37   38   40   42   44   46   49   51   55   58
   61   64   66   67   68   67   66   64   63   61   60   60   60   61   61   62
   63   63   62   60   57   54   51   48   46
    65.0-180.0 180.0   5.0 450.0                            LAT/LON1/LON2/DLON/H
   53   49   46   43   41   38   36   35   33   33   33   33   35   36   37   38
   39   39   40   40   40   40   40   40   39   39   37   35   33   31   30   29
   28   28   29   29   29   30   31   33   36   39   42   46   49   53   56   59
   63   65   67   68   68   67   65   62   60   58   58   58   59   60   63   65
   67   68   68   68   66   63   60   56   53
    62.5-180.0 180.0   5.0 450.0                            LAT/LON1/LON2/DLON/H
   61   57   53   48   44   39   35   32   29   27   27   28   30   32   34   36
   37   38   38   39   39   39   39   40   39   39   37   35   32   29   26   25
   24   23   23   22   23   23   25   28   32   36   41   46   50   54   57   60
   63   66   67   68   67   65   62   60   57   56   55   55   57   59   63   66
   69   71   73   74   73   71   68   65   61
    60.0-180.0 180.0   5.0 450.0                            LAT/LON1/LON2/DLON/H
   69   65   60   55   49   43   37   31   27   24   24   24   26   29   32   34
   35   36   36   35   35   35   35   36   36   36   34   32   29   25   22   20
   19   18   18   17   17   18   20   24   29   35   41   46   51   54   57   60
   63   66   67   67   66   64   61   59   56   55   55   55   57   59   62   65
   69   72   75   76   77   77   75   72   69
    57.5-180.0 180.0   5.0 450.0                            LAT/LON1/LON2/DLON/H
   75   72   67   62   55   47   40   33   27   24   22   23   25   27   30   31
   32   32   31   30   29   29   29   30   31   31   30   28   25   21   19   17
   16   15   15   15   15   16   19   24   30   37   43   48   52   56   58   61
   64   67   68   69   68   66   64   61   60   59   58   59   60   61   62   65
   67   70   73   76   78   79   79   78   75
    55.0-180.0 180.0   5.0 450.0                            LAT/LON1/LON2/DLON/H
   80   77   74   68   61   53   45   37   30   26   24   24   25   26   28   29
   29   28   26   24   23   22   22   23   25   26   26   24   21   19   17   15
   15   16   16   16   17   19   22   27   34   41   48   53   56   58   61   64
   67   70   73   74   73   72   70   68   67   66   66   66   66   65   65   65
   66   68   71   74   77   79   81   81   80
    52.5-180.0 180.0   5.0 450.0                            LAT/LON1/LON2/DLON/H
   82   81   78   74   68   60   51   42   35   30   27   26   26   26   26   26
   25   24   22   19   17   16   16   18   20   22   23   22   20   18   17   16
   17   19   21   22   23   26   30   36   43   50   56   60   62   64   66   69
   73   78   81   82   82   81   79   77   76   76   76   76   74   72   69   67
   66   67   69   72   75   78   80   82   82
    50.0-180.0 180.0   5.0 450.0                            LAT/LON1/LON2/DLON/H
   83   83   82   79   73   66   58   49   41   36   32   30   29   27   25   23
   22   20   18   17   15   14   14   16   19   22   24   23   22   20   19   20
   22   25   28   31   33   37   41   48   55   61   66   69   70   71   74   78
   83   88   92   94   93   91   89   87   87   87   86   85   83   79   74   70
   68   67   68   71   74   77   80   82   83
    47.5-180.0 180.0   5.0 450.0                            LAT/LON1/LON2/DLON/H
   84   85   84   83   79   73   65   56   49   43   39   36   33   29   25   22
   19   18   17   17   16   15   16   18   22   25   27   27   26   24   23   24
   27   31   36   40   44   49   55   61   68   74   78   80   81   82   84   89
   96  102  106  107  106  102   99   96   94   94   94   92   90   85   80   75
   72   71   71   73   76   79   81   83   84
    45.0-180.0 180.0   5.0 450.0                            LAT/LON1/LON2/DLON/H
   86   86   87   86   84   79   72   64   57   51   47   43   38   32   26   22
   19   18   19   20   20   20   21   23   27   30   32   32   31   29   28   29
   32   37   43   49   55   61   68   75   82   87   91   92   93   94   97  103
  111  117  120  120  117  112  107  102   99   97   97   96   93   89   84   80
   77   76   77   79   81   82   84   85   86
    42.5-180.0 180.0   5.0 450.0                            LAT/LON1/LON2/DLON/H
   89   89   89   90   89   85   79   72   65   59   55   50   44   37   29   24
   21   21   23   25   26   27   28   30   33   36   38   38   36   33   32   33
   36   41   48   55   62   70   78   86   93   99  102  104  105  107  111  118
  125  130  132  131  126  120  113  107  102   98   97   96   94   91   88   85
   84   84   85   87   88   89   89   89   89
    40.0-180.0 180.0   5.0 450.0                            LAT/LON1/LON2/DLON/H
   94   93   93   94   94   91   86   79   73   67   63   58   52   43   35   29
   26   26   29   31   33   33   34   36   38   40   42   42   39   37   35   35
   38   43   49   57   65   74   84   92  100  107  111  115  117  120  124  131
  137  141  142  139  134  127  120  112  105  100   98   97   96   94   91   90
   90   92   95   97   97   97   96   95   94
    37.5-180.0 180.0   5.0 450.0                            LAT/LON1/LON2/DLON/H
  100   98   97   98   98   97   92   86   80   75   71   66   60   51   42   36
   33   33   35   38   39   39   39   40   41   43   44   43   41   38   36   36
   38   43   49   56   64   74   84   94  103  111  118  123  127  130  135  140
  145  148  148  145  141  136  130  123  115  108  105  103  102   99   97   96
   97  101  105  107  107  106  105  103  100
    35.0-180.0 180.0   5.0 450.0                            LAT/LON1/LON2/DLON/H
  107  104  102  102  103  102   98   92   86   81   77   73   67   59   51   44
   41   40   42   43   44   43   42   41   42   43   43   42   40   37   36   35
   38   41   46   52   60   70   81   92  102  112  121  128  134  138  142  146
  149  151  151  150  150  149  147  142  135  127  122  119  116  112  107  104
  106  110  114  117  117  116  114  111  107
    32.5-180.0 180.0   5.0 450.0                            LAT/LON1/LON2/DLON/H
  116  111  108  107  107  106  102   96   90   85   82   78   73   66   59   53
   49   47   47   47   46   45   43   41   41   41   41   40   38   36   34   35
   37   40   43   48   54   63   74   86   98  109  120  130  137  141  145  147
  150  152  154  157  162  169  173  172  166  158  152  147  142  133  124  118
  116  120  124  126  126  125  123  120  116
    30.0-180.0 180.0   5.0 450.0                            LAT/LON1/LON2/DLON/H
  125  119  114  112  111  109  105   99   92   88   84   81   76   71   65   60
   55   52   50   48   47   45   42   40   39   38   38   37   35   34   33   34
   36   39   41   43   48   56   67   79   92  105  118  129  137  142  144  146
  149  153  158  166  179  193  205  209  206  200  193  187  177  164  148  136
  131  131  134  136  136  134  133  130  125
    27.5-180.0 180.0   5.0 450.0                            LAT/LON1/LON2/DLON/H
  135  127  121  117  115  112  107  101   94   88   84   80   77   73   69   64
   59   54   50   47   45   43   41   40   38   37   36   34   33   32   32   34
   36   39   40   40   43   49   59   72   86  100  115  127  135  139  140  143
  148  154  164  178  198  220  240  250  251  246  239  232  219  200  178  159
  148  146  146  147  146  145  143  140  135
    25.0-180.0 180.0   5.0 450.0                            LAT/LON1/LON2/DLON/H
  146  137  129  123  119  116  110  102   94   87   82   78   75   72   69   64
   58   52   47   44   43   42   41   40   38   36   34   33   31   30   31   33
   36   39   39   38   39   44   53   66   80   96  111  123  131  134  136  140
  148  159  173  192  217  246  271  286  290  287  282  275  261  238  210  185
  169  163  161  160  159  157  155  152  146
    22.5-180.0 180.0   5.0 450.0                            LAT/LON1/LON2/DLON/H
  157  147  137  130  125  120  112  103   94   86   80   75   71   69   66   61
   54   47   42   39   40   41   41   41   39   37   35   32   30   29   30   32
   36   39   39   37   36   40   49   62   77   92  107  119  127  129  132  139
  150  166  184  206  234  265  292  309  315  315  313  308  295  270  239  210
  191  182  179  176  173  171  169  165  157
    20.0-180.0 180.0   5.0 450.0                            LAT/LON1/LON2/DLON/H
  169  158  147  138  132  125  116  106   95   86   78   72   68   66   63   58
   50   41   36   35   37   40   42   42   41   39   36   33   31   29   29   31
   35   37   38   36   35   38   47   60   75   91  105  116  122  126  130  140
  156  175  195  217  244  273  299  315  322  323  325  324  314  293  263  233
  213  203  198  194  190  186  183  178  169
    17.5-180.0 180.0   5.0 450.0                            LAT/LON1/LON2/DLON/H
  181  168  157  147  140  132  122  110   98   87   78   71   67   65   62   55
   46   37   31   31   35   39   43   44   43   41   38   34   32   29   28   29
   32   35   36   34   33   37   46   60   75   90  103  113  120  124  130  144
  164  185  205  225  246  270  291  304  309  311  316  321  318  302  277  251
  232  222  217  213  207  202  197  190  181
    15.0-180.0 180.0   5.0 450.0                            LAT/LON1/LON2/DLON/H
  191  178  167  158  150  141  129  115  102   90   80   74   70   67   64   56
   46   36   31   31   35   40   44   45   44   42   39   36   33   30   28   27
   29   32   33   32   32   36   45   59   75   90  102  112  118  124  134  151
  173  195  213  228  243  259  272  279  281  283  291  302  306  299  282  262
  247  239  234  229  223  217  210  202  191
    12.5-180.0 180.0   5.0 450.0                            LAT/LON1/LON2/DLON/H
  200  187  177  168  160  151  138  123  108   95   85   79   76   74   70   62
   51   41   35   35   39   42   45   45   44   42   39   37   34   31   28   26
   26   28   30   30   30   34   44   59   75   89  102  112  119  127  139  159
  182  204  219  228  236  243  249  250  248  250  259  274  286  288  280  267
  257  251  247  242  235  228  220  211  200
    10.0-180.0 180.0   5.0 450.0                            LAT/LON1/LON2/DLON/H
  206  195  185  178  171  161  147  131  114  101   92   87   85   84   80   73
   62   52   46   45   46   47   46   45   44   42   40   38   36   34   30   26
   25   26   28   29   29   33   43   57   74   89  102  112  121  131  146  167
  191  210  222  227  229  231  231  227  221  221  230  247  264  273  273  267
  261  257  254  249  243  235  226  217  206
     7.5-180.0 180.0   5.0 450.0                            LAT/LON1/LON2/DLON/H
  210  200  192  187  180  171  156  138  121  108   99   95   95   95   93   87
   77   68   62   59   56   53   49   46   44   42   40   40   39   37   33   28
   25   25   27   28   29   32   41   55   72   88  102  113  124  137  154  175
  197  214  223  226  227  228  225  219  210  207  214  230  248  261  266  265
  261  258  254  250  244  236  228  219  210
     5.0-180.0 180.0   5.0 450.0                            LAT/LON1/LON2/DLON/H
  210  203  197  193  187  178  163  145  127  114  106  103  104  105  105  101
   93   86   80   75   68   60   52   47   44   43   42   42   42   41   37   31
   27   27   29   29   29   31   39   53   70   87  101  114  127  142  160  182
  201  216  224  228  232  235  234  228  219  214  217  228  243  255  261  261
  257  253  249  245  239  233  225  218  210
     2.5-180.0 180.0   5.0 450.0                            LAT/LON1/LON2/DLON/H
  208  203  199  196  191  182  167  149  132  119  111  109  110  112  113  112
  108  102   97   90   80   68   57   49   45   45   45   45   46   45   41   35
   31   30   31   31   30   30   37   50   67   85  100  114  129  146  166  186
  203  216  224  232  242  251  256  254  246  239  237  242  249  256  259  256
  251  245  240  235  230  224  218  213  208
