gamp/tide/igrg0610.20i
     1.0            IONOSPHERE MAPS     MIX                 IONEX VERSION / TYPE
tecrms2ionex_2.awk  GRL/UWM            03/02/20 2003UT      PGM / RUN BY / DATE
Global ionosphere maps for day  61, 2020 ( 1- 3-2020)       DESCRIPTION
IONEX file containing the COMBINED IGS Ionosphere maps      DESCRIPTION
from the combination of the following IAACs:                DESCRIPTION
esrg                                                        DESCRIPTION
jprg                                                        DESCRIPTION
uprg                                                        DESCRIPTION
Contact address: Andrzej Krankowski                         DESCRIPTION
                 Geodynamics Research Laboratory            DESCRIPTION
                 University of Warmia and Mazury (GRL/UWM)  DESCRIPTION
                 Oczapowski St. 1                           DESCRIPTION
                 10-957-Olsztyn, POLAND                     DESCRIPTION
                 e-mail:  kand@uwm.edu.pl                   DESCRIPTION
                                                            DESCRIPTION
  2020     3     1     0     0     0                        EPOCH OF FIRST MAP
  2020     3     2     0     0     0                        EPOCH OF LAST MAP
  7200                                                      INTERVAL
    13                                                      # OF MAPS IN FILE
  COSZ                                                      MAPPING FUNCTION
     0.0                                                    ELEVATION CUTOFF
Combined TEC calculated as weighted mean of input TEC valuesOBSERVABLES USED
   340                                                      # OF STATIONS
    32                                                      # OF SATELLITES
  6371.0                                                    BASE RADIUS
     2                                                      MAP DIMENSION
   450.0 450.0   0.0                                        HGT1 / HGT2 / DHGT
    87.5 -87.5  -2.5                                        LAT1 / LAT2 / DLAT
  -180.0 180.0   5.0                                        LON1 / LON2 / DLON
    -1                                                      EXPONENT
TEC values in  0.1 TECUs; 9999 if no value available        COMMENT
DCB values in nanoseconds, reference is Sum_of_SatDCBs = 0  COMMENT
                                                            END OF HEADER
[from data line 1716]
     5                                                      START OF TEC MAP
  2020     3     1     8     0     0                        EPOCH OF CURRENT MAP
    87.5-180.0 180.0   5.0 450.0                            LAT/LON1/LON2/DLON/H
   31   31   31   31   30   31   31   31   31   32   32   30   30   30   33   33
   33   32   31   31   31   31   32   34   35   33   33   30   31   31   34   34
   36   33   35   38   42   42   41   40   41   39   39   39   39   40   40   41
   41   40   40   41   40   39   39   39   38   37   39   41   45   46   40   37
   37   36   36   34   33   33   32   30   31
    85.0-180.0 180.0   5.0 450.0                            LAT/LON1/LON2/DLON/H
   27   29   29   27   27   30   31   32   32   32   32   30   29   29   31   30
   30   29   28   28   28   28   29   32   32   31   30   30   30   30   33   34
   35   34   35   39   44   44   43   43   43   42   44   44   44   44   44   45
   44   44   44   44   43   42   41   41   40   40   41   43   45   42   38   36
   35   34   32   30   29   29   27   26   27
    82.5-180.0 180.0   5.0 450.0                            LAT/LON1/LON2/DLON/H
   26   28   29   26   26   29   29   30   30   30   29   27   27   26   26   25
   24   24   24   25   26   24   26   29   32   31   32   32   32   33   35   38
   35   34   35   40   43   44   44   44   44   45   46   48   49   50   47   47
   48   47   44   45   44   42   41   41   40   39   39   43   41   40   38   34
   33   32   26   23   22   25   24   23   26
    80.0-180.0 180.0   5.0 450.0                            LAT/LON1/LON2/DLON/H
   26   29   27   23   22   25   26   27   25   24   26   23   21   22   21   21
   22   21   20   20   21   20   21   28   32   33   33   32   31   29   32   34
   34   32   36   39   41   44   45   44   44   44   44   48   48   49   49   49
   51   49   46   47   47   43   42   41   39   40   41   43   42   41   40   35
   32   30   26   21   20   22   24   23   26
    77.5-180.0 180.0   5.0 450.0                            LAT/LON1/LON2/DLON/H
   24   24   21   25   24   24   24   24   22   22   21   20   18   19   18   18
   19   20   20   19   20   20   23   21   23   25   28   32   31   30   31   33
   34   36   36   36   37   41   43   44   45   45   47   48   48   50   50   51
   52   52   55   62   57   47   45   45   44   44   43   43   44   43   42   38
   35   32   28   20   20   21   23   24   24
    75.0-180.0 180.0   5.0 450.0                            LAT/LON1/LON2/DLON/H
   22   23   20   23   21   21   22   25   20   22   24   20   18   19   17   16
   14   14   17   18   20   22   23   21   23   25   25   25   27   27   29   32
   34   35   36   37   38   40   43   44   45   46   48   49   49   51   52   53
   57   56   54   55   56   51   50   50   49   49   48   47   46   46   46   41
   38   34   28   23   20   23   24   22   22
    72.5-180.0 180.0   5.0 450.0                            LAT/LON1/LON2/DLON/H
   21   20   21   17   17   17   23   24   28   26   27   26   20   17   16   15
   15   15   14   17   21   21   22   22   22   24   23   21   21   24   24   29
   31   34   35   38   39   40   43   45   46   47   49   50   51   52   55   55
   52   60   58   57   58   57   56   55   54   54   53   53   51   49   50   47
   44   39   32   29   25   25   24   22   21
    70.0-180.0 180.0   5.0 450.0                            LAT/LON1/LON2/DLON/H
   19   18   19   19   21   19   20   21   24   26   27   22   21   19   19   18
   18   14   13   18   20   20   20   21   21   22   21   24   21   21   23   27
   29   32   35   37   40   40   42   44   46   49   51   53   55   54   56   55
   55   61   63   63   63   65   62   60   60   59   61   62   60   59   57   55
   53   48   38   35   30   30   25   21   19
    67.5-180.0 180.0   5.0 450.0                            LAT/LON1/LON2/DLON/H
   20   19   19   20   23   27   26   21   23   21   25   23   22   21   17   19
   18   15   17   18   19   22   18   17   19   21   23   26   22   21   22   25
   27   31   34   36   38   41   44   46   48   50   53   53   56   60   60   61
   62   67   69   69   69   69   67   65   65   66   70   71   67   68   68   62
   58   54   47   42   36   33   26   23   20
    65.0-180.0 180.0   5.0 450.0                            LAT/LON1/LON2/DLON/H
   24   21   23   22   22   24   25   23   27   23   25   25   25   23   18   18
   18   18   18   15   16   19   16   16   19   20   22   24   20   19   21   24
   27   31   35   39   41   44   47   49   50   54   55   59   61   65   66   66
   69   70   75   74   73   74   73   71   72   75   81   79   72   72   65   61
   60   58   53   49   42   35   30   27   24
    62.5-180.0 180.0   5.0 450.0                            LAT/LON1/LON2/DLON/H
   26   23   24   24   26   23   24   24   26   23   23   24   26   28   22   21
   22   20   20   18   16   17   16   16   19   20   21   21   19   16   19   23
   27   31   34   38   44   47   49   52   55   56   60   61   65   68   69   71
   73   73   79   81   80   80   76   75   77   84   87   81   75   69   64   61
   60   58   53   50   47   39   34   28   26
    60.0-180.0 180.0   5.0 450.0                            LAT/LON1/LON2/DLON/H
   30   28   29   28   28   27   26   27   22   24   21   29   27   28   25   22
   22   21   21   17   18   19   20   21   24   18   18   17   17   15   18   25
   29   33   38   41   46   50   52   56   59   60   64   67   69   73   76   77
   76   78   82   86   85   85   79   76   80   90   87   81   78   72   69   65
   62   60   57   53   46   43   39   33   30
    57.5-180.0 180.0   5.0 450.0                            LAT/LON1/LON2/DLON/H
   32   31   30   32   34   31   31   28   26   27   26   28   32   26   22   20
   24   22   21   20   22   24   23   26   23   16   16   16   16   19   22   26
   31   36   41   45   49   52   55   61   63   65   69   73   77   77   82   83
   83   84   85   86   86   86   79   80   82   85   84   84   84   81   77   73
   70   66   62   59   53   48   40   36   32
    55.0-180.0 180.0   5.0 450.0                            LAT/LON1/LON2/DLON/H
   37   34   36   38   36   35   35   32   31   31   31   25   27   24   26   17
   23   20   19   18   25   20   20   20   17   16   17   18   18   21   27   30
   34   40   46   51   53   58   62   65   70   73   75   80   82   87   88   92
   90   90   90   90   89   89   86   85   84   84   87   86   87   88   83   77
   71   72   67   61   57   51   44   42   37
    52.5-180.0 180.0   5.0 450.0                            LAT/LON1/LON2/DLON/H
   47   43   42   42   43   41   41   39   40   38   35   29   31   29   31   24
   23   24   18   16   21   23   18   18   20   20   20   22   22   25   33   37
   40   45   50   54   57   62   66   71   75   78   84   86   89   91   94   97
   96   98   99  100  101  100   91   93   92   91   93   92   94   91   89   78
   73   77   71   66   59   58   53   47   47
    50.0-180.0 180.0   5.0 450.0                            LAT/LON1/LON2/DLON/H
   55   55   53   50   50   49   48   48   46   45   43   45   45   38   36   32
   24   30   28   22   22   27   21   22   25   25   25   27   30   32   40   46
   47   52   54   58   61   65   71   75   81   85   89   94   99  100  102  103
  100  105  107  106  102  102   98  105  108   98   96  102   95   83   85   77
   81   77   69   67   67   65   61   57   55
    47.5-180.0 180.0   5.0 450.0                            LAT/LON1/LON2/DLON/H
   61   62   60   58   56   54   54   54   55   57   53   54   55   53   45   45
   40   32   31   30   31   37   34   33   34   36   38   36   37   38   44   46
   48   60   66   64   66   72   77   84   89   93   99  103  112  112  109  106
  104  109  108  107  105  105  106  113  108  103  104  103   92   89   85   79
   79   75   74   72   68   64   63   61   61
    45.0-180.0 180.0   5.0 450.0                            LAT/LON1/LON2/DLON/H
   64   64   62   63   59   59   59   62   58   66   68   67   65   61   54   56
   53   53   45   47   46   48   47   47   45   46   47   46   42   39   44   47
   57   66   71   72   75   79   85   90   96  102  108  110  114  114  119  111
  109  111  110  111  112  111  116  114  113  114  108  105  100   98   94   91
   87   80   80   71   66   64   63   62   64
    42.5-180.0 180.0   5.0 450.0                            LAT/LON1/LON2/DLON/H
   64   64   62   63   63   64   63   65   67   69   76   73   76   77   74   70
   66   66   61   61   62   65   64   59   59   60   56   57   49   44   49   54
   61   71   77   81   82   85   91   98  103  110  112  116  119  121  122  118
  114  122  123  121  121  118  122  118  115  114  110  112  109  102   97   96
   90   85   85   76   71   67   62   61   64
    40.0-180.0 180.0   5.0 450.0                            LAT/LON1/LON2/DLON/H
   61   63   61   63   64   66   67   71   75   78   82   80   86   87   91   83
   78   77   76   72   69   73   76   69   70   69   61   63   58   54   55   60
   67   73   79   83   87   93  101  107  111  115  117  121  123  122  123  119
  117  129  128  128  129  125  127  123  121  120  120  115  113  107  106   92
   90   93   85   78   72   67   61   59   61
    37.5-180.0 180.0   5.0 450.0                            LAT/LON1/LON2/DLON/H
   57   56   56   58   60   66   70   75   78   81   88   86   90   99   97   97
   88   79   83   84   80   83   80   83   77   78   65   64   61   57   55   62
   67   71   79   86   93  102  108  113  117  121  123  128  129  127  124  120
  119  127  130  130  133  133  132  127  121  123  122  118  118  112  104  101
   94   89   85   78   71   64   60   57   57
    35.0-180.0 180.0   5.0 450.0                            LAT/LON1/LON2/DLON/H
   53   51   52   55   56   58   63   71   71   81   91   98   96  100   97   97
   96   88   87   85   92   92   90   90   86   78   68   58   61   57   52   59
   65   71   81   90  102  105  113  118  125  131  135  134  132  128  125  126
  124  129  131  131  132  133  136  124  121  123  124  123  123  117  112  106
  100   94   92   80   70   64   58   55   53
    32.5-180.0 180.0   5.0 450.0                            LAT/LON1/LON2/DLON/H
   49   47   48   50   51   52   57   65   70   80   86   90   94  101  110  104
   98   95   98   92   94   91   93   94   84   72   65   56   54   53   54   60
   66   78   86   92  107  113  116  127  135  140  144  143  144  141  136  132
  130  128  136  134  134  134  137  129  127  121  125  127  124  123  120  115
  109  100   94   85   76   67   60   54   49
    30.0-180.0 180.0   5.0 450.0                            LAT/LON1/LON2/DLON/H
   50   45   45   45   48   49   53   55   66   73   84   90   86   98  109  111
  109  105   88   87   90   86   89   84   73   69   64   57   51   49   52   59
   68   79   87   97  108  115  121  130  139  145  151  155  155  150  148  140
  134  131  144  140  140  142  144  140  138  136  135  128  130  126  126  126
  117  107  100   91   84   73   62   56   50
    27.5-180.0 180.0   5.0 450.0                            LAT/LON1/LON2/DLON/H
   55   50   47   45   47   47   49   50   59   70   80   85   91  101  105  103
  103  104   95   80   77   76   79   74   62   62   60   58   47   46   51   59
   71   79   88   97  105  116  123  133  144  154  159  164  163  153  150  143
  140  135  138  148  149  153  155  153  150  150  149  143  138  137  135  133
  126  120  117  105   93   82   72   61   55
    25.0-180.0 180.0   5.0 450.0                            LAT/LON1/LON2/DLON/H
   61   59   56   51   50   47   47   48   52   65   71   72   76   86   89   95
   92   90   80   83   81   70   70   68   61   60   59   54   43   43   55   62
   72   76   88   96  106  118  127  136  152  163  168  183  186  167  160  150
  144  141  141  161  162  166  166  165  161  157  156  155  153  149  149  148
  142  140  132  121  109   92   81   65   61
    22.5-180.0 180.0   5.0 450.0                            LAT/LON1/LON2/DLON/H
   65   64   67   64   60   58   56   52   52   60   61   60   64   69   74   76
   78   83   82   76   74   72   71   66   63   60   56   51   46   46   56   60
   71   79   88   97  107  118  130  143  160  176  184  195  203  199  179  162
  156  154  156  164  177  179  180  182  175  171  169  165  169  176  173  171
  173  163  152  144  130  107   88   71   65
    20.0-180.0 180.0   5.0 450.0                            LAT/LON1/LON2/DLON/H
   68   64   68   70   70   68   66   60   56   55   58   58   61   64   64   66
   69   76   77   74   73   73   76   75   65   58   53   51   47   48   54   60
   69   84   90   98  111  121  136  154  172  184  197  211  223  221  201  179
  169  170  172  178  193  196  194  202  200  197  198  189  205  217  214  218
  218  197  186  173  154  128   92   79   68
    17.5-180.0 180.0   5.0 450.0                            LAT/LON1/LON2/DLON/H
   77   64   64   67   73   74   68   64   60   55   59   59   59   60   60   64
   70   74   70   76   78   76   74   68   62   57   52   49   49   51   53   62
   69   80  101  104  112  127  145  166  179  191  202  212  227  228  218  208
  188  183  187  193  208  209  210  224  227  229  234  236  250  238  246  264
  258  245  234  200  178  145  109   92   77
    15.0-180.0 180.0   5.0 450.0                            LAT/LON1/LON2/DLON/H
   87   70   60   59   64   66   68   66   62   56   57   59   58   56   58   59
   66   77   76   72   71   73   80   75   66   58   51   45   46   45   49   64
   76   82  102  108  117  131  147  169  185  196  205  216  224  228  226  221
  199  201  202  206  220  221  226  230  247  260  261  275  281  262  266  272
  270  259  237  210  193  162  130  108   87
    12.5-180.0 180.0   5.0 450.0                            LAT/LON1/LON2/DLON/H
   99   79   64   59   57   57   65   66   67   62   58   60   59   55   54   57
   60   78   75   75   76   75   74   69   64   60   52   44   38   38   50   72
   84   91  101  108  118  133  153  171  187  199  209  219  224  229  232  229
  226  214  214  225  229  232  236  239  245  259  263  271  265  264  265  258
  251  238  225  211  194  169  138  119   99
    10.0-180.0 180.0   5.0 450.0                            LAT/LON1/LON2/DLON/H
  107   84   71   66   59   56   61   66   71   67   61   62   57   56   55   57
   58   66   69   72   73   72   72   75   69   63   54   38   30   32   53   73
   85   95  100  109  121  135  153  171  188  200  214  223  229  233  236  237
  236  224  226  234  235  238  241  243  242  239  247  255  253  251  255  242
  236  223  217  211  200  178  153  132  107
     7.5-180.0 180.0   5.0 450.0                            LAT/LON1/LON2/DLON/H
  114   93   75   72   65   57   61   71   76   77   68   67   61   61   61   59
   56   55   59   69   74   77   73   72   70   64   53   34   28   27   51   66
   77   87   96  108  122  137  154  171  186  200  213  223  229  232  235  238
  239  236  235  239  239  242  251  252  250  249  247  247  246  247  239  232
  227  223  211  208  200  183  162  140  114
     5.0-180.0 180.0   5.0 450.0                            LAT/LON1/LON2/DLON/H
  119  106   85   81   78   75   81   81   87   84   75   70   67   66   68   63
   58   52   58   66   75   78   70   66   67   59   48   31   29   27   35   52
   76   84   96  109  121  137  151  166  180  193  203  217  225  227  232  237
  240  243  243  247  250  254  262  268  271  272  268  268  260  258  245  239
  233  227  211  206  193  181  161  141  119
     2.5-180.0 180.0   5.0 450.0                            LAT/LON1/LON2/DLON/H
  120  111   98   89   97   96  100   99   99   97   91   83   77   75   74   71
   62   56   56   56   68   78   74   68   60   53   40   34   31   30   38   55
   72   83   96  108  120  137  147  160  171  182  194  210  220  226  231  237
  248  256  257  263  267  271  277  284  285  290  293  288  280  268  263  264
  245  228  220  210  198  177  159  138  120
