gamp/tide/igrg0610.20i
     1.0            IONOSPHERE MAPS     MIX                 IONEX VERSION / TYPE
tecrms2ionex_2.awk  GRL/UWM            03/02/20 2003UT      PGM / RUN BY / DATE
Global ionosphere maps for day  61, 2020 ( 1- 3-2020)       DESCRIPTION
IONEX file containing the COMBINED IGS Ionosphere maps      DESCRIPTION
from the combination of the following IAACs:                DESCRIPTION
esrg                                                        DESCRIPTION
jprg                                                        DESCRIPTION
uprg                                                        DESCRIPTION
Contact address: Andrzej Krankowski                         DESCRIPTION
                 Geodynamics Research Laboratory            DESCRIPTION
                 University of Warmia and Mazury (GRL/UWM)  DESCRIPTION
                 Oczapowski St. 1                           DESCRIPTION
                 10-957-Olsztyn, POLAND                     DESCRIPTION
                 e-mail:  kand@uwm.edu.pl                   DESCRIPTION
                                                            DESCRIPTION
  2020     3     1     0     0     0                        EPOCH OF FIRST MAP
  2020     3     2     0     0     0                        EPOCH OF LAST MAP
  7200                                                      INTERVAL
    13                                                      # OF MAPS IN FILE
  COSZ                                                      MAPPING FUNCTION
     0.0                                                    ELEVATION CUTOFF
Combined TEC calculated as weighted mean of input TEC valuesOBSERVABLES USED
   340                                                      # OF STATIONS
    32                                                      # OF SATELLITES
  6371.0                                                    BASE RADIUS
     2                                                      MAP DIMENSION
   450.0 450.0   0.0                                        HGT1 / HGT2 / DHGT
    87.5 -87.5  -2.5                                        LAT1 / LAT2 / DLAT
  -180.0 180.0   5.0                                        LON1 / LON2 / DLON
    -1                                                      EXPONENT
TEC values in  0.1 TECUs; 9999 if no value available        COMMENT
DCB values in nanoseconds, reference is Sum_of_SatDCBs = 0  COMMENT
                                                            END OF HEADER
[from data line 3861]
    10                                                      START OF TEC MAP
  2020     3     1    18     0     0                        EPOCH OF CURRENT MAP
    87.5-180.0 180.0   5.0 450.0                            LAT/LON1/LON2/DLON/H
   33   34   35   37   37   40   38   39   38   37   37   39   41   41   42   42
   42   42   44   43   39   39   39   40   41   43   44   44   41   39   36   37
   37   38   37   36   36   37   38   38   38   38   42   43   41   38   34   33
   32   33   32   33   32   32   32   32   34   36   33   33   33   33   32   30
   31   32   32   33   32   30   33   32   33
    85.0-180.0 180.0   5.0 450.0                            LAT/LON1/LON2/DLON/H
   31   32   36   39   41   42   43   44   42   42   43   44   46   47   47   47
   47   49   50   48   45   44   43   43   44   44   44   42   42   45   45   44
   43   45   44   42   41   42   42   42   43   45   45   45   44   39   36   34
   33   33   32   32   31   31   31   34   35   34   31   31   31   31   31   28
   28   30   30   31   29   29   30   30   31
    82.5-180.0 180.0   5.0 450.0                            LAT/LON1/LON2/DLON/H
   31   34   37   40   42   42   43   43   44   43   47   48   50   49   49   47
   47   51   51   47   47   46   46   47   46   45   47   45   44   48   48   46
   44   45   44   41   41   41   43   43   43   43   43   44   43   37   34   36
   36   33   33   32   32   32   33   36   36   32   32   32   32   31   30   28
   27   28   28   28   26   27   29   30   31
    80.0-180.0 180.0   5.0 450.0                            LAT/LON1/LON2/DLON/H
   30   33   35   37   36   36   37   38   40   43   45   47   51   52   52   48
   52   55   53   48   50   49   46   49   47   46   44   46   46   50   47   45
   44   45   44   42   38   40   41   43   40   38   37   39   38   33   29   33
   34   34   34   31   32   32   33   33   33   32   31   32   31   31   29   27
   26   27   27   28   27   27   29   29   30
    77.5-180.0 180.0   5.0 450.0                            LAT/LON1/LON2/DLON/H
   31   32   31   30   34   34   36   39   40   42   44   47   49   52   53   48
   49   50   50   50   53   51   52   50   49   47   49   52   52   50   48   43
   43   43   45   42   37   37   36   37   36   37   35   35   35   33   33   35
   36   36   36   33   34   34   34   35   33   33   33   32   32   32   29   28
   27   29   29   30   29   28   29   30   31
    75.0-180.0 180.0   5.0 450.0                            LAT/LON1/LON2/DLON/H
   29   31   31   32   33   33   37   38   42   42   44   46   46   50   52   49
   47   49   49   54   55   50   52   50   49   50   49   48   49   45   48   42
   39   38   38   34   34   34   32   32   32   32   31   32   32   32   35   35
   36   37   42   38   36   37   38   36   34   36   34   29   31   31   32   30
   30   30   30   30   30   29   27   28   29
    72.5-180.0 180.0   5.0 450.0                            LAT/LON1/LON2/DLON/H
   27   29   29   31   32   33   36   38   42   45   47   48   50   51   55   55
   54   54   57   54   59   53   54   53   52   50   51   49   49   47   42   37
   34   35   34   30   28   27   29   29   28   28   24   26   25   26   28   28
   29   31   34   35   36   37   40   39   28   30   28   27   27   31   32   31
   29   30   29   28   28   24   22   23   27
    70.0-180.0 180.0   5.0 450.0                            LAT/LON1/LON2/DLON/H
   24   26   27   30   35   34   38   41   45   46   49   51   53   55   57   58
   59   61   62   62   60   59   60   59   61   55   54   53   52   52   45   38
   37   36   32   29   27   28   26   26   25   23   21   21   19   19   19   21
   22   24   26   27   29   32   38   33   24   25   25   25   25   27   30   27
   26   27   28   27   25   20   19   21   24
    67.5-180.0 180.0   5.0 450.0                            LAT/LON1/LON2/DLON/H
   22   28   29   31   36   39   40   44   46   48   50   52   55   56   59   62
   63   63   64   66   63   64   68   67   66   65   62   61   60   58   52   47
   44   40   39   37   32   32   30   28   27   25   22   20   18   16   17   16
   18   20   23   23   24   25   23   22   23   25   25   26   24   25   28   31
   28   28   30   27   24   20   20   20   22
    65.0-180.0 180.0   5.0 450.0                            LAT/LON1/LON2/DLON/H
   28   33   34   35   39   40   42   45   47   51   53   54   56   57   59   62
   63   62   62   64   65   66   71   71   68   68   70   71   68   66   55   52
   49   47   44   43   40   38   34   32   29   27   24   22   22   20   18   17
   17   19   21   21   22   21   20   20   22   25   26   27   18   21   28   32
   34   33   32   29   25   23   19   24   28
    62.5-180.0 180.0   5.0 450.0                            LAT/LON1/LON2/DLON/H
   34   38   41   44   45   45   48   49   51   52   55   57   60   59   60   60
   61   62   64   67   66   67   68   71   70   72   75   76   72   71   61   55
   53   53   47   43   40   41   39   34   33   30   27   25   22   20   19   19
   20   23   23   21   22   21   21   22   24   26   28   25   21   23   28   29
   32   31   29   25   27   32   28   25   34
    60.0-180.0 180.0   5.0 450.0                            LAT/LON1/LON2/DLON/H
   40   44   46   47   49   50   52   52   53   55   57   62   62   61   60   61
   62   62   64   67   67   68   72   75   75   79   80   81   80   78   69   59
   57   54   48   46   41   42   41   38   33   33   30   29   25   25   24   23
   24   31   31   25   26   28   25   24   28   31   26   22   28   31   27   28
   32   35   33   33   29   34   35   33   40
    57.5-180.0 180.0   5.0 450.0                            LAT/LON1/LON2/DLON/H
   42   47   51   53   53   54   58   61   58   59   60   61   64   64   63   64
   66   67   69   71   70   74   79   80   80   83   80   80   81   81   76   67
   62   59   54   50   46   42   43   40   37   34   35   33   30   30   29   29
   31   40   40   35   34   35   32   31   33   37   35   28   36   37   36   35
   38   44   41   45   39   36   38   35   42
    55.0-180.0 180.0   5.0 450.0                            LAT/LON1/LON2/DLON/H
   43   48   51   54   53   57   62   64   66   66   62   65   64   66   66   67
   69   72   72   78   76   77   79   82   83   81   80   83   86   86   79   74
   70   64   59   54   52   51   49   42   40   36   37   38   34   33   34   36
   41   45   44   44   43   43   39   42   41   49   42   40   45   50   51   43
   45   55   54   54   50   45   42   38   43
    52.5-180.0 180.0   5.0 450.0                            LAT/LON1/LON2/DLON/H
   50   50   55   58   60   60   61   64   66   69   68   69   68   69   69   71
   74   76   78   80   81   78   80   86   86   85   85   86   91   89   82   79
   77   69   65   61   54   53   51   46   41   42   39   40   36   35   39   45
   50   53   52   50   49   52   48   53   53   57   53   55   58   51   54   51
   49   59   64   55   61   54   51   53   50
    50.0-180.0 180.0   5.0 450.0                            LAT/LON1/LON2/DLON/H
   58   59   61   65   69   70   70   74   79   79   75   76   76   77   78   78
   79   80   85   85   82   82   85   85   88   89   91   87   93   90   84   81
   79   77   71   68   60   56   52   49   47   48   46   46   45   43   44   50
   53   60   62   64   64   68   66   71   70   67   72   80   71   50   58   56
   56   60   62   62   58   60   59   64   58
    47.5-180.0 180.0   5.0 450.0                            LAT/LON1/LON2/DLON/H
   59   60   61   68   72   76   79   79   82   82   84   82   83   84   87   85
   85   89   87   86   84   84   90   88   92   90   94   96   99   94   86   82
   82   81   79   70   67   62   59   57   54   53   53   52   50   48   48   51
   53   61   67   70   74   74   76   81   73   73   83   86   72   66   63   58
   56   55   59   64   65   67   64   64   59
    45.0-180.0 180.0   5.0 450.0                            LAT/LON1/LON2/DLON/H
   57   55   63   68   74   80   83   84   87   89   90   89   86   91   87   91
   95   93   95   95   92   93   95   98  101   99  101  103  106   95   87   86
   86   80   77   76   72   64   65   58   57   56   55   56   53   56   54   54
   55   64   70   70   74   73   75   82   82   93   96   81   75   69   69   66
   63   61   62   64   61   63   61   58   57
    42.5-180.0 180.0   5.0 450.0                            LAT/LON1/LON2/DLON/H
   52   55   63   68   76   83   89   89   92   93   97   96   91   89   97  100
  102  105  103  104  102  107  112  112  113  108  108  101  102   98   92   91
   91   88   83   80   73   68   64   61   60   59   59   57   60   59   59   58
   60   68   72   73   80   76   80   83   84   91   80   73   81   73   66   74
   73   68   68   67   62   60   54   53   52
    40.0-180.0 180.0   5.0 450.0                            LAT/LON1/LON2/DLON/H
   52   55   61   69   78   86   92   94   97   97  100   99   96  100  103  108
  106  109  114  114  116  115  120  126  127  116  114  106  101  101  101   99
   96   94   93   89   79   72   64   64   65   64   64   61   65   64   63   63
   65   73   73   69   78   76   79   80   82   85   80   80   79   73   71   66
   66   70   69   65   60   59   52   52   52
    37.5-180.0 180.0   5.0 450.0                            LAT/LON1/LON2/DLON/H
   54   57   63   69   76   86   93   95   99  101  103  103  104  106  111  115
  117  118  123  125  126  127  130  127  126  119  118  115  110  113  111  106
   98   93   93   90   87   81   71   68   68   66   66   65   65   65   66   67
   68   74   73   70   73   75   72   75   75   77   82   83   82   79   71   68
   67   66   64   62   55   54   50   50   54
    35.0-180.0 180.0   5.0 450.0                            LAT/LON1/LON2/DLON/H
   50   57   64   70   76   82   91   97  102  108  109  110  109  114  115  116
  123  130  132  134  140  136  135  129  123  120  120  122  119  116  113  108
  104   99   96   94   92   87   80   75   76   70   66   67   68   68   71   70
   68   70   67   66   70   71   69   71   70   71   79   81   80   78   71   75
   70   69   68   63   57   51   48   47   50
    32.5-180.0 180.0   5.0 450.0                            LAT/LON1/LON2/DLON/H
   48   56   63   70   74   80   89   97  103  108  116  118  117  116  119  127
  127  133  141  145  149  151  134  129  126  126  124  126  125  118  116  115
  111  107  108  109  103   95   86   80   74   71   70   67   70   68   70   69
   66   66   65   66   67   69   67   68   67   69   74   76   79   80   78   70
   70   71   67   63   56   49   45   44   48
    30.0-180.0 180.0   5.0 450.0                            LAT/LON1/LON2/DLON/H
   45   54   60   67   71   76   85   93  101  109  121  128  127  126  127  129
  133  140  138  142  147  138  128  127  126  130  127  132  132  127  129  127
  125  126  123  122  118  105   95   84   73   70   71   70   70   71   68   65
   63   64   67   69   66   67   66   65   63   65   69   76   74   78   72   67
   68   69   65   62   57   52   45   41   45
    27.5-180.0 180.0   5.0 450.0                            LAT/LON1/LON2/DLON/H
   47   54   62   67   71   77   82   91  101  113  121  129  129  130  137  138
  133  140  144  145  132  130  131  131  125  126  134  143  143  148  152  149
  156  155  163  165  141  123  109   92   77   77   70   64   70   69   65   63
   63   63   67   68   68   65   64   62   59   63   70   75   76   73   69   68
   73   72   68   64   61   53   43   39   47
    25.0-180.0 180.0   5.0 450.0                            LAT/LON1/LON2/DLON/H
   48   60   68   73   78   82   86   90   99  110  126  136  136  140  140  144
  137  137  138  134  135  140  144  138  129  133  139  153  165  179  186  183
  189  200  203  197  186  165  134  106   84   80   69   66   65   61   63   60
   59   58   67   69   68   65   64   62   60   65   71   73   79   73   68   63
   69   72   69   66   59   47   38   39   48
    22.5-180.0 180.0   5.0 450.0                            LAT/LON1/LON2/DLON/H
   46   61   73   83   88   94   94   94  101  111  129  138  141  145  146  144
  143  139  138  135  137  143  146  146  148  149  155  176  205  218  223  225
  224  223  232  228  218  208  177  130  114   90   84   68   65   60   62   63
   58   57   60   72   71   69   67   63   63   64   68   72   81   71   69   64
   64   66   65   58   52   39   34   35   46
    20.0-180.0 180.0   5.0 450.0                            LAT/LON1/LON2/DLON/H
   40   54   70   83   92   98  100  103  107  113  131  138  143  151  153  151
  144  140  143  140  144  142  149  156  164  168  177  194  241  248  248  251
  243  232  248  243  230  235  211  166  133  111  110   94   75   64   70   70
   67   66   67   70   75   73   72   66   64   66   70   73   73   71   69   63
   60   57   53   48   44   34   30   30   40
    17.5-180.0 180.0   5.0 450.0                            LAT/LON1/LON2/DLON/H
   34   44   58   75   90   97  105  111  116  123  136  140  147  154  155  163
  153  149  148  150  146  147  157  162  176  185  202  220  254  269  273  275
  264  245  245  235  225  226  213  178  132  124  126  115  101   91   93   89
   81   78   78   80   84   79   79   70   67   69   72   73   70   78   75   61
   56   52   45   40   35   34   29   29   34
    15.0-180.0 180.0   5.0 450.0                            LAT/LON1/LON2/DLON/H
   35   42   55   73   87   97  106  116  124  131  137  146  153  156  159  168
  163  158  154  156  152  155  163  175  188  204  222  231  252  275  275  262
  257  247  240  221  215  215  215  172  134  128  128  122  113  108  108  105
   93   89   85   91   92   90   90   80   77   72   78   80   75   77   77   64
   54   50   44   40   37   33   28   31   35
    12.5-180.0 180.0   5.0 450.0                            LAT/LON1/LON2/DLON/H
   38   45   57   76   88  100  109  121  130  137  146  153  161  163  168  174
  176  172  162  162  161  161  174  186  206  224  240  242  250  261  266  255
  244  233  219  214  215  208  221  167  141  130  127  122  117  116  115  112
  104   96   98   99   96   97   98   94   90   81   85   86   82   81   72   64
   54   52   49   44   43   37   33   31   38
    10.0-180.0 180.0   5.0 450.0                            LAT/LON1/LON2/DLON/H
   43   48   60   78   93  103  112  124  133  143  151  158  166  170  180  185
  185  184  178  171  171  176  185  196  216  237  250  232  230  250  254  247
  231  221  215  210  208  201  211  166  144  134  126  119  116  115  115  111
  107  101  101  104  103  104  104  102   96   90   88   81   74   73   68   59
   52   51   51   50   48   43   41   39   43
     7.5-180.0 180.0   5.0 450.0                            LAT/LON1/LON2/DLON/H
   47   52   65   82   97  108  117  128  141  150  159  165  169  177  189  191
  190  192  188  187  179  183  197  205  227  246  251  228  224  226  241  237
  224  223  217  216  209  205  205  169  150  140  130  122  116  114  112  108
  105  101  102  109  109  106  108  105   99   94   90   80   68   66   62   55
   52   49   49   51   49   45   47   47   47
     5.0-180.0 180.0   5.0 450.0                            LAT/LON1/LON2/DLON/H
   48   56   71   86  101  113  122  132  147  159  167  178  176  185  196  197
  196  195  196  194  198  198  204  219  238  243  245  230  225  228  232  231
  232  230  227  224  216  209  194  171  151  139  129  120  115  112  108  105
  103  101  101  107  109  108  111  103  100  100   95   83   69   62   60   57
   54   52   47   45   39   45   47   47   48
     2.5-180.0 180.0   5.0 450.0                            LAT/LON1/LON2/DLON/H
   50   59   73   93  103  117  127  136  152  163  175  185  195  197  203  206
  209  209  208  208  205  211  217  227  243  243  248  257  246  240  240  237
  246  242  240  234  227  213  194  168  150  136  127  120  115  110  106  102
  101   99   99  102  102  107  110   99   96  104   94   81   72   63   64   60
   56   55   49   41   39   41   42   46   50
