gamp/tide/igrg0610.20i
     1.0            IONOSPHERE MAPS     MIX                 IONEX VERSION / TYPE
tecrms2ionex_2.awk  GRL/UWM            03/02/20 2003UT      PGM / RUN BY / DATE
Global ionosphere maps for day  61, 2020 ( 1- 3-2020)       DESCRIPTION
IONEX file containing the COMBINED IGS Ionosphere maps      DESCRIPTION
from the combination of the following IAACs:                DESCRIPTION
esrg                                                        DESCRIPTION
jprg                                                        DESCRIPTION
uprg                                                        DESCRIPTION
Contact address: Andrzej Krankowski                         DESCRIPTION
                 Geodynamics Research Laboratory            DESCRIPTION
                 University of Warmia and Mazury (GRL/UWM)  DESCRIPTION
                 Oczapowski St. 1                           DESCRIPTION
                 10-957-Olsztyn, POLAND                     DESCRIPTION
                 e-mail:  kand@uwm.edu.pl                   DESCRIPTION
                                                            DESCRIPTION
  2020     3     1     0     0     0                        EPOCH OF FIRST MAP
  2020     3     2     0     0     0                        EPOCH OF LAST MAP
  7200                                                      INTERVAL
    13                                                      # OF MAPS IN FILE
  COSZ                                                      MAPPING FUNCTION
     0.0                                                    ELEVATION CUTOFF
Combined TEC calculated as weighted mean of input TEC valuesOBSERVABLES USED
   340                                                      # OF STATIONS
    32                                                      # OF SATELLITES
  6371.0                                                    BASE RADIUS
     2                                                      MAP DIMENSION
   450.0 450.0   0.0                                        HGT1 / HGT2 / DHGT
    87.5 -87.5  -2.5                                        LAT1 / LAT2 / DLAT
  -180.0 180.0   5.0                                        LON1 / LON2 / DLON
    -1                                                      EXPONENT
TEC values in  0.1 TECUs; 9999 if no value available        COMMENT
DCB values in nanoseconds, reference is Sum_of_SatDCBs = 0  COMMENT
                                                            END OF HEADER
[from data line 4719]
    12                                                      START OF TEC MAP
  2020     3     1    22     0     0                        EPOCH OF CURRENT MAP
    87.5-180.0 180.0   5.0 450.0                            LAT/LON1/LON2/DLON/H
   36   37   39   38   38   43   42   42   43   42   41   40   39   39   39   39
   41   43   44   46   46   42   38   35   33   34   35   34   33   33   33   35
   37   37   35   31   30   29   26   25   25   25   24   25   27   29   27   26
   24   22   22   22   22   24   25   30   29   30   28   28   29   25   25   24
   26   27   33   37   37   38   38   38   36
    85.0-180.0 180.0   5.0 450.0                            LAT/LON1/LON2/DLON/H
   37   39   41   41   40   44   44   44   44   45   44   42   42   42   41   42
   46   46   49   51   49   47   43   40   38   39   39   37   36   35   35   35
   37   36   36   32   31   28   28   25   24   23   23   23   25   25   24   21
   20   17   18   19   21   23   25   28   28   27   26   24   24   24   20   22
   25   29   29   36   39   41   40   38   37
    82.5-180.0 180.0   5.0 450.0                            LAT/LON1/LON2/DLON/H
   38   39   41   40   41   48   49   48   50   50   49   48   49   50   48   50
   50   52   51   52   48   48   46   43   42   43   42   40   38   35   35   29
   31   31   32   30   29   26   26   25   23   21   23   23   24   20   18   24
   25   24   23   25   27   27   26   27   27   25   23   22   20   22   19   23
   26   30   28   35   37   39   40   39   38
    80.0-180.0 180.0   5.0 450.0                            LAT/LON1/LON2/DLON/H
   41   40   39   44   45   50   50   51   52   51   50   50   52   52   52   55
   52   54   53   51   49   48   47   45   44   46   41   41   42   39   39   35
   32   33   28   27   25   24   27   25   24   23   25   25   25   23   23   29
   31   31   33   32   32   28   28   27   26   24   19   19   22   23   20   23
   27   30   30   30   36   38   38   39   41
    77.5-180.0 180.0   5.0 450.0                            LAT/LON1/LON2/DLON/H
   43   44   45   46   44   48   53   55   55   56   57   54   55   55   54   56
   53   55   55   54   50   51   51   50   49   48   45   43   42   40   41   40
   39   36   34   32   30   30   30   29   27   28   30   29   26   31   26   33
   34   32   32   34   31   25   27   25   24   21   18   21   23   24   21   22
   26   32   32   33   34   36   38   42   43
    75.0-180.0 180.0   5.0 450.0                            LAT/LON1/LON2/DLON/H
   48   47   48   49   51   51   52   58   59   60   61   61   62   59   60   57
   53   55   56   56   54   52   51   51   50   47   43   40   38   39   38   38
   36   31   33   32   32   29   31   29   25   26   27   23   25   27   26   26
   31   30   30   29   27   26   23   22   21   21   20   21   22   21   21   21
   27   32   33   39   37   39   42   46   48
    72.5-180.0 180.0   5.0 450.0                            LAT/LON1/LON2/DLON/H
   52   52   51   54   55   60   60   62   64   64   66   65   66   66   66   63
   63   61   58   57   51   48   45   49   45   44   34   33   32   31   31   31
   30   30   33   33   28   27   26   25   20   25   22   20   23   22   21   21
   25   24   25   25   23   25   24   21   20   20   21   21   21   21   22   21
   28   32   37   44   41   41   46   49   52
    70.0-180.0 180.0   5.0 450.0                            LAT/LON1/LON2/DLON/H
   54   57   55   58   59   62   63   66   66   66   67   69   70   70   69   69
   73   66   60   54   47   46   46   46   43   40   27   26   28   27   25   24
   24   23   25   24   20   23   22   22   23   25   19   22   23   24   21   22
   22   22   21   22   24   26   26   23   23   22   22   22   23   25   25   26
   30   32   41   46   41   46   52   53   54
    67.5-180.0 180.0   5.0 450.0                            LAT/LON1/LON2/DLON/H
   56   59   60   60   63   64   67   68   66   67   66   71   72   68   65   71
   73   65   60   52   46   44   43   42   35   32   27   21   26   27   23   24
   22   19   17   17   19   22   22   22   22   19   18   17   18   18   18   18
   17   19   20   21   26   29   29   29   27   23   23   24   24   26   28   29
   33   40   46   45   46   50   54   55   56
    65.0-180.0 180.0   5.0 450.0                            LAT/LON1/LON2/DLON/H
   61   62   66   65   66   68   69   69   69   69   69   70   71   67   67   68
   68   66   63   52   52   50   44   43   32   27   25   22   24   24   23   22
   22   20   19   19   21   20   21   21   20   21   21   19   20   20   21   19
   20   24   22   21   24   29   31   29   28   19   18   22   26   27   31   34
   36   42   46   45   47   50   54   56   61
    62.5-180.0 180.0   5.0 450.0                            LAT/LON1/LON2/DLON/H
   68   68   69   71   71   71   70   70   71   72   73   71   73   71   69   68
   69   69   67   63   61   56   52   48   33   27   27   27   25   26   24   20
   21   21   21   21   21   21   21   21   21   21   21   22   23   20   22   26
   29   29   26   22   24   26   28   28   26   16   16   23   29   30   34   37
   40   42   48   45   47   52   58   63   68
    60.0-180.0 180.0   5.0 450.0                            LAT/LON1/LON2/DLON/H
   74   76   75   77   77   76   75   74   74   72   73   72   74   72   71   72
   71   69   69   68   67   61   57   51   41   35   33   32   30   28   24   19
   20   23   23   22   22   23   23   23   23   23   23   23   24   20   28   31
   33   30   28   26   26   21   24   33   34   24   22   27   30   33   38   43
   43   47   49   51   53   60   64   68   74
    57.5-180.0 180.0   5.0 450.0                            LAT/LON1/LON2/DLON/H
   79   79   82   84   84   82   80   79   77   77   77   76   75   75   75   74
   74   71   73   71   69   64   63   56   48   44   41   38   34   31   26   22
   24   28   27   26   26   26   26   27   27   28   28   28   27   28   34   35
   38   34   30   29   31   29   32   38   39   34   31   31   33   35   41   48
   46   50   53   56   54   57   68   74   79
    55.0-180.0 180.0   5.0 450.0                            LAT/LON1/LON2/DLON/H
   84   86   86   88   90   88   86   87   87   85   84   80   79   79   76   76
   75   74   75   74   71   68   66   61   53   49   45   41   38   35   34   30
   31   33   32   32   32   33   34   35   35   35   33   36   37   40   41   42
   46   46   40   45   44   45   49   50   47   43   40   41   41   40   46   57
   57   57   58   55   63   69   73   73   84
    52.5-180.0 180.0   5.0 450.0                            LAT/LON1/LON2/DLON/H
   88   91   93   95   96   96   97  102   95   91   87   84   83   80   78   76
   77   78   78   76   71   67   66   63   55   51   46   44   40   39   41   36
   34   39   38   39   36   36   33   34   37   39   41   41   43   45   50   45
   49   55   56   61   59   60   57   60   60   60   59   57   52   49   51   60
   62   61   60   58   68   71   76   82   88
    50.0-180.0 180.0   5.0 450.0                            LAT/LON1/LON2/DLON/H
   90   96  101  105  105  110  117  113  102   95   89   87   89   84   80   83
   82   82   81   76   73   70   70   67   58   53   51   47   45   44   45   41
   44   45   42   41   41   43   42   43   43   44   47   49   50   51   51   50
   54   58   58   63   66   75   67   81   87   84   77   63   55   50   50   57
   62   66   64   67   74   79   82   84   90
    47.5-180.0 180.0   5.0 450.0                            LAT/LON1/LON2/DLON/H
   92   99  106  112  115  125  124  117  111   99   96   97   98   92   89   89
   89   87   86   81   78   75   73   69   65   59   56   52   49   48   47   46
   51   47   49   48   48   49   50   52   50   52   51   53   57   58   58   60
   60   63   64   65   68   72   74   93   99   98   82   57   50   49   52   55
   59   69   68   72   77   83   85   87   92
    45.0-180.0 180.0   5.0 450.0                            LAT/LON1/LON2/DLON/H
   93   99  106  115  123  131  129  126  114  107  101  102  100  100   98   95
   90   94   91   92   86   86   84   80   76   70   64   56   51   49   47   48
   51   53   57   56   55   53   51   54   54   56   53   56   60   60   57   66
   70   76   77   79   82   84   88   94   90   90   80   62   57   54   57   57
   61   66   69   72   75   81   86   89   93
    42.5-180.0 180.0   5.0 450.0                            LAT/LON1/LON2/DLON/H
   96  101  106  110  128  138  131  131  123  115  113  112  106  102  102   99
   92   98  100  101   98   98   98   92   89   84   76   63   52   54   55   55
   59   59   61   61   59   55   58   56   57   57   57   58   58   63   62   71
   77   87   92   91   94   95   94   90   89   87   80   66   65   61   64   70
   73   75   75   73   79   81   84   90   96
    40.0-180.0 180.0   5.0 450.0                            LAT/LON1/LON2/DLON/H
   97  104  105  110  126  139  134  135  131  129  124  117  112  107  105  104
  104  108  109  109  108  106  106  105  104   96   84   74   67   65   65   65
   65   63   63   60   59   61   62   60   57   59   57   62   65   69   72   75
   78   87   94   95   98   98   90   83   85   88   83   69   64   60   62   69
   75   74   76   78   83   85   87   90   97
    37.5-180.0 180.0   5.0 450.0                            LAT/LON1/LON2/DLON/H
   98  105  108  112  126  137  136  136  136  135  134  129  123  118  117  115
  110  111  113  110  117  121  118  119  111  103   92   86   79   73   73   71
   70   67   66   67   62   61   62   61   60   62   61   63   65   68   70   72
   75   77   84   86   92   92   80   74   76   82   78   67   58   58   63   69
   74   78   78   80   85   87   91   93   98
    35.0-180.0 180.0   5.0 450.0                            LAT/LON1/LON2/DLON/H
  101  106  109  113  124  135  133  138  139  138  141  142  137  131  125  121
  116  115  123  126  124  131  132  125  113  103   95   95   85   79   78   75
   71   70   69   67   63   67   63   62   64   61   64   67   67   69   69   72
   72   74   77   80   82   85   70   66   68   68   64   60   61   67   72   77
   81   82   81   84   86   90   95   97  101
    32.5-180.0 180.0   5.0 450.0                            LAT/LON1/LON2/DLON/H
  108  111  116  120  124  131  133  135  139  141  146  150  146  139  133  128
  121  121  123  128  135  137  129  121  108  101   99   97   84   80   81   79
   76   74   71   69   66   66   61   61   64   62   65   67   71   69   75   77
   73   73   68   71   76   72   66   69   69   70   66   63   63   68   72   82
   85   84   83   86   90   91   97  104  108
    30.0-180.0 180.0   5.0 450.0                            LAT/LON1/LON2/DLON/H
  116  121  125  130  132  128  131  133  140  143  149  150  149  148  142  134
  127  125  123  122  128  127  119  115  108  105  102  100   89   85   84   82
   79   75   73   68   68   62   63   65   63   63   61   60   62   69   70   71
   73   71   65   67   73   64   60   68   73   74   71   69   62   69   73   79
   81   83   85   89   93   95  102  111  116
    27.5-180.0 180.0   5.0 450.0                            LAT/LON1/LON2/DLON/H
  128  135  143  144  142  133  126  127  138  142  146  149  156  156  146  142
  139  138  131  131  130  121  120  114  114  114  110  109  104   97   92   88
   81   80   74   75   66   65   64   63   65   61   56   57   57   61   62   65
   68   69   68   65   70   59   60   64   68   72   69   64   59   67   76   80
   84   87   88   92   96  101  108  118  128
    25.0-180.0 180.0   5.0 450.0                            LAT/LON1/LON2/DLON/H
  139  153  163  164  154  140  130  128  134  141  148  156  157  157  155  152
  142  138  138  136  136  126  127  122  125  125  121  122  117  111  102   97
   95   87   85   81   69   66   66   62   62   61   55   52   55   57   61   64
   68   71   68   63   67   55   57   60   62   68   71   69   64   68   72   82
   86   88   90   93   98  107  116  128  139
    22.5-180.0 180.0   5.0 450.0                            LAT/LON1/LON2/DLON/H
  152  168  184  192  183  164  145  134  135  142  150  155  158  164  163  153
  146  141  145  140  139  131  133  133  136  138  134  137  131  124  124  117
  106   99  101   88   73   70   68   65   61   65   56   52   53   57   61   65
   68   69   67   62   60   53   50   53   58   63   70   66   60   63   65   77
   86   88   91   95  101  111  124  136  152
    20.0-180.0 180.0   5.0 450.0                            LAT/LON1/LON2/DLON/H
  160  179  200  218  214  201  168  147  143  144  153  159  163  166  170  163
  156  155  158  144  144  146  146  153  158  157  153  154  155  150  148  142
  130  116  109  109   81   74   70   68   66   68   62   56   55   59   64   67
   68   68   65   59   55   51   50   50   52   60   64   62   56   59   66   75
   84   85   89   93   99  111  128  141  160
    17.5-180.0 180.0   5.0 450.0                            LAT/LON1/LON2/DLON/H
  167  191  213  238  240  215  182  165  155  154  159  168  168  171  180  176
  172  169  167  160  159  170  180  182  181  178  175  174  176  174  170  159
  154  141  125  121   96   79   76   74   70   69   65   61   62   63   68   71
   71   68   65   57   54   52   51   51   50   57   63   62   60   69   75   79
   84   87   92   94   99  114  130  147  167
    15.0-180.0 180.0   5.0 450.0                            LAT/LON1/LON2/DLON/H
  174  198  227  250  257  232  201  187  173  166  168  170  172  172  183  194
  193  192  189  184  177  185  200  202  201  200  193  189  190  188  181  170
  161  152  136  116   96   83   82   79   76   73   70   66   67   69   73   75
   72   68   63   58   55   54   52   52   50   54   59   66   67   72   79   83
   88   90   98  101  107  119  134  153  174
    12.5-180.0 180.0   5.0 450.0                            LAT/LON1/LON2/DLON/H
  181  203  227  249  258  249  220  207  190  180  178  176  176  180  198  215
  212  209  206  212  203  217  226  229  218  220  206  197  191  188  182  171
  162  150  138  115   96   86   80   84   81   80   78   77   77   78   80   79
   74   69   63   60   55   54   53   53   50   49   55   60   57   65   77   84
   90   97  105  111  116  127  142  161  181
    10.0-180.0 180.0   5.0 450.0                            LAT/LON1/LON2/DLON/H
  185  204  226  245  250  255  236  219  206  193  183  184  182  189  208  222
  227  226  220  234  230  235  249  248  247  236  209  193  179  178  168  160
  149  140  134  117  104   93   86   90   90   89   88   87   89   88   84   80
   73   69   64   59   54   54   55   54   50   49   51   54   54   62   76   85
   92  100  112  119  126  134  147  167  185
     7.5-180.0 180.0   5.0 450.0                            LAT/LON1/LON2/DLON/H
  184  203  224  239  246  247  239  228  220  209  200  189  188  201  215  225
  235  246  234  240  246  265  265  273  260  241  208  190  172  158  149  144
  137  134  128  117  110  100   97   91   96   95   94   94   94   90   83   79
   73   67   63   57   54   53   56   56   53   49   52   56   57   68   81   90
   93   99  110  121  128  143  156  167  184
     5.0-180.0 180.0   5.0 450.0                            LAT/LON1/LON2/DLON/H
  189  207  221  232  241  242  235  232  229  224  216  201  203  212  218  230
  243  253  254  250  268  298  286  293  273  241  206  188  169  146  139  138
  136  130  123  115  109  103   98   96   98   97   97   95   88   80   74   74
   72   68   63   58   54   51   55   60   56   53   60   59   60   72   86   93
   94   96  107  115  126  142  158  173  189
     2.5-180.0 180.0   5.0 450.0                            LAT/LON1/LON2/DLON/H
  194  205  219  230  237  238  236  237  238  237  233  225  221  225  243  248
  260  263  271  265  265  321  323  304  276  235  204  184  171  152  148  147
  139  126  114  106   99   94   95   96  101  101  101   94   84   76   68   73
   73   69   64   59   55   52   54   62   63   65   66   62   64   72   87   95
   96   98  101  111  124  138  159  180  194
