gamp/tide/igrg0610.20i
     1.0            IONOSPHERE MAPS     MIX                 IONEX VERSION / TYPE
tecrms2ionex_2.awk  GRL/UWM            03/02/20 2003UT      PGM / RUN BY / DATE
Global ionosphere maps for day  61, 2020 ( 1- 3-2020)       DESCRIPTION
IONEX file containing the COMBINED IGS Ionosphere maps      DESCRIPTION
from the combination of the following IAACs:                DESCRIPTION
esrg                                                        DESCRIPTION
jprg                                                        DESCRIPTION
uprg                                                        DESCRIPTION
Contact address: Andrzej Krankowski                         DESCRIPTION
                 Geodynamics Research Laboratory            DESCRIPTION
                 University of Warmia and Mazury (GRL/UWM)  DESCRIPTION
                 Oczapowski St. 1                           DESCRIPTION
                 10-957-Olsztyn, POLAND                     DESCRIPTION
                 e-mail:  kand@uwm.edu.pl                   DESCRIPTION
                                                            DESCRIPTION
  2020     3     1     0     0     0                        EPOCH OF FIRST MAP
  2020     3     2     0     0     0                        EPOCH OF LAST MAP
  7200                                                      INTERVAL
    13                                                      # OF MAPS IN FILE
  COSZ                                                      MAPPING FUNCTION
     0.0                                                    ELEVATION CUTOFF
Combined TEC calculated as weighted mean of input TEC valuesOBSERVABLES USED
   340                                                      # OF STATIONS
    32                                                      # OF SATELLITES
  6371.0                                                    BASE RADIUS
     2                                                      MAP DIMENSION
   450.0 450.0   0.0                                        HGT1 / HGT2 / DHGT
    87.5 -87.5  -2.5                                        LAT1 / LAT2 / DLAT
  -180.0 180.0   5.0                                        LON1 / LON2 / DLON
    -1                                                      EXPONENT
TEC values in  0.1 TECUs; 9999 if no value available        COMMENT
DCB values in nanoseconds, reference is Sum_of_SatDCBs = 0  COMMENT
                                                            END OF HEADER
[from data line 2574]
     7                                                      START OF TEC MAP
  2020     3     1    12     0     0                        EPOCH OF CURRENT MAP
    87.5-180.0 180.0   5.0 450.0                            LAT/LON1/LON2/DLON/H
   33   33   32   33   33   32   32   40   42   42   41   34   31   31   31   30
   31   31   32   34   36   37   37   39   37   37   36   36   36   37   38   39
   39   39   40   42   43   43   43   43   43   46   48   48   48   54   51   48
   45   46   47   47   47   47   47   47   46   46   45   45   42   42   41   37
   34   34   36   36   36   35   34   32   33
    85.0-180.0 180.0   5.0 450.0                            LAT/LON1/LON2/DLON/H
   32   31   30   30   32   30   30   31   38   38   35   30   30   29   29   28
   27   28   29   32   35   36   37   37   36   36   37   39   38   40   40   41
   42   42   42   43   45   45   45   46   47   49   52   51   53   55   53   51
   47   48   49   47   48   49   48   46   46   46   46   46   44   44   42   36
   35   34   35   35   33   33   32   31   32
    82.5-180.0 180.0   5.0 450.0                            LAT/LON1/LON2/DLON/H
   31   30   29   30   34   31   30   30   30   31   26   25   24   26   26   25
   22   24   27   29   30   32   35   33   34   35   40   42   42   41   42   45
   47   47   48   48   48   47   47   46   48   50   53   53   54   59   59   51
   49   47   45   43   48   50   48   45   42   44   45   43   43   43   40   35
   35   33   33   33   30   29   28   29   31
    80.0-180.0 180.0   5.0 450.0                            LAT/LON1/LON2/DLON/H
   37   37   33   36   36   27   24   24   21   23   23   23   25   24   26   26
   24   24   25   23   24   26   30   32   34   36   38   45   46   45   45   48
   50   49   52   52   50   50   50   49   50   51   50   48   49   54   52   49
   46   45   43   39   44   48   48   43   38   40   44   41   39   40   36   36
   37   36   41   44   37   32   29   32   37
    77.5-180.0 180.0   5.0 450.0                            LAT/LON1/LON2/DLON/H
   41   43   35   37   36   30   26   30   23   23   19   20   19   21   22   23
   23   23   22   22   27   25   26   27   33   36   38   45   48   52   54   56
   56   54   54   53   54   53   51   51   51   52   50   49   50   52   50   51
   47   42   40   43   41   45   48   42   36   39   43   36   35   33   34   35
   36   41   48   43   46   44   41   42   41
    75.0-180.0 180.0   5.0 450.0                            LAT/LON1/LON2/DLON/H
   41   42   39   33   36   35   29   30   25   25   22   18   20   21   19   20
   21   21   22   21   25   26   28   28   33   35   38   40   40   47   57   61
   64   57   57   57   57   56   56   54   54   54   53   53   55   51   50   50
   44   43   40   40   39   42   42   35   30   31   33   31   29   28   30   30
   31   37   40   39   39   42   43   41   41
    72.5-180.0 180.0   5.0 450.0                            LAT/LON1/LON2/DLON/H
   35   32   33   35   34   34   35   30   32   26   22   23   23   19   20   21
   20   17   22   22   23   26   30   31   36   38   39   40   41   49   53   59
   61   60   58   58   57   57   59   59   59   58   57   58   58   57   57   51
   46   42   43   40   39   41   35   26   25   26   26   26   27   26   26   26
   27   28   32   30   33   34   37   35   35
    70.0-180.0 180.0   5.0 450.0                            LAT/LON1/LON2/DLON/H
   30   31   30   30   32   33   34   30   29   26   27   25   18   21   22   20
   20   25   29   29   29   29   32   33   38   42   43   41   43   50   55   57
   58   60   60   59   60   59   62   63   63   63   61   61   60   60   62   57
   54   52   49   46   43   40   32   28   27   26   26   26   30   27   27   27
   27   27   26   25   25   25   25   27   30
    67.5-180.0 180.0   5.0 450.0                            LAT/LON1/LON2/DLON/H
   25   27   29   29   31   32   31   30   30   29   29   28   23   22   20   22
   25   29   31   31   32   32   33   37   41   44   45   47   45   51   53   57
   59   57   61   61   61   62   64   64   65   65   65   65   66   64   63   61
   62   59   56   53   50   45   41   37   36   33   27   28   32   27   28   31
   30   29   26   25   24   22   20   22   25
    65.0-180.0 180.0   5.0 450.0                            LAT/LON1/LON2/DLON/H
   28   27   25   31   33   36   35   31   28   30   30   27   30   26   26   26
   30   29   34   33   32   34   34   37   44   46   47   50   50   53   54   57
   60   61   63   62   64   65   66   66   67   68   69   70   69   67   66   66
   67   65   63   59   56   51   48   46   44   42   40   40   38   26   31   33
   32   26   26   27   26   26   23   22   28
    62.5-180.0 180.0   5.0 450.0                            LAT/LON1/LON2/DLON/H
   34   33   30   37   35   30   29   29   27   27   28   28   28   30   30   30
   28   27   32   29   31   33   35   39   45   48   48   52   52   53   56   60
   64   64   64   64   67   69   70   69   71   72   73   73   71   69   70   71
   70   68   66   65   62   57   51   50   47   44   41   45   39   25   27   28
   28   21   21   26   27   24   28   23   34
    60.0-180.0 180.0   5.0 450.0                            LAT/LON1/LON2/DLON/H
   34   33   32   32   33   32   31   30   28   26   22   22   25   27   29   26
   26   26   27   27   28   34   38   44   48   50   49   52   54   56   57   64
   67   67   67   68   71   71   73   74   74   74   74   75   75   74   75   78
   73   70   67   67   66   60   55   52   48   45   40   41   35   27   27   29
   26   25   26   25   22   24   29   33   34
    57.5-180.0 180.0   5.0 450.0                            LAT/LON1/LON2/DLON/H
   35   38   38   38   37   37   35   34   27   32   24   28   24   22   23   24
   27   24   25   27   32   32   39   49   51   54   52   51   56   58   63   67
   70   73   71   75   75   74   76   76   79   78   79   81   80   82   80   84
   85   79   75   74   73   66   61   58   52   47   37   35   33   33   35   35
   34   37   37   37   35   32   32   34   35
    55.0-180.0 180.0   5.0 450.0                            LAT/LON1/LON2/DLON/H
   41   43   44   43   42   42   44   46   34   31   28   26   26   23   24   23
   22   22   27   26   31   35   41   48   51   57   56   54   57   62   67   69
   71   78   77   80   79   80   83   82   84   84   84   85   86   89   87   84
   91   85   85   83   84   79   76   70   62   56   47   45   44   45   43   45
   45   48   50   49   44   39   43   38   41
    52.5-180.0 180.0   5.0 450.0                            LAT/LON1/LON2/DLON/H
   51   49   48   50   51   48   49   48   45   41   40   39   31   26   27   26
   19   20   27   28   33   35   42   48   49   58   54   56   58   65   71   72
   74   83   85   84   86   88   87   87   86   88   88   87   89   92   94   89
   88   88   94   92   84   82   81   79   73   68   64   63   60   54   47   48
   53   59   62   57   54   54   50   49   51
    50.0-180.0 180.0   5.0 450.0                            LAT/LON1/LON2/DLON/H
   61   59   59   57   56   54   54   54   52   52   49   46   45   38   32   30
   25   23   30   29   31   38   44   49   53   59   55   61   63   68   75   77
   78   85   88   87   89   93   91   92   91   91   92   91   95   98  102   99
   90   86   91   88   82   84   87   83   79   79   79   77   74   58   49   48
   57   62   73   70   68   66   61   59   61
    47.5-180.0 180.0   5.0 450.0                            LAT/LON1/LON2/DLON/H
   64   65   65   63   62   60   60   63   62   67   66   67   62   53   45   44
   36   38   38   41   39   45   48   50   56   63   61   66   70   70   77   81
   81   86   87   90   90   94   94   95   94   96   95   95  101  108  106  109
   93   90   90   94   92   93  101   97   87   89   83   78   72   58   53   53
   50   56   69   71   71   70   66   63   64
    45.0-180.0 180.0   5.0 450.0                            LAT/LON1/LON2/DLON/H
   64   65   66   67   66   63   63   65   63   76   78   75   70   58   60   56
   55   52   48   50   50   51   56   61   65   71   75   74   75   78   79   85
   86   88   91   97   99   99  102  100  101  101   99   99  107  107  108  109
  102  102  102  102  107  105  109  104   94   91   80   73   67   64   60   63
   62   63   66   65   66   68   66   63   64
    42.5-180.0 180.0   5.0 450.0                            LAT/LON1/LON2/DLON/H
   63   63   64   66   67   65   65   69   66   82   79   84   85   78   81   72
   73   68   61   61   60   61   69   71   79   81   79   79   82   83   83   90
   94   96   95  104  105  108  109  109  110  106  104  106  106  109  109  105
  106  116  116  116  114  114  110  101   95   90   84   75   73   72   72   71
   70   74   74   69   66   65   64   63   63
    40.0-180.0 180.0   5.0 450.0                            LAT/LON1/LON2/DLON/H
   62   61   61   64   66   66   66   70   70   82   87   88   95   96   88   83
   75   81   73   69   69   71   76   79   85   92   87   85   90   88   89   91
  100  106  106  112  117  117  120  118  115  113  108  110  114  117  115  108
  111  117  125  122  122  120  104   97   94   87   85   82   78   77   69   64
   69   71   70   67   66   64   62   61   62
    37.5-180.0 180.0   5.0 450.0                            LAT/LON1/LON2/DLON/H
   60   58   60   62   64   64   65   69   73   83   89   94   98   96   97   93
   91   84   81   74   79   79   84   86   91   91   91   94  100  100   98   94
   99  113  114  124  133  131  134  136  128  121  121  118  117  118  115  116
  115  118  128  125  125  117  102   99   93   86   83   80   75   75   71   71
   71   69   68   66   65   62   60   60   60
    35.0-180.0 180.0   5.0 450.0                            LAT/LON1/LON2/DLON/H
   57   56   58   58   55   56   58   64   69   87   97   98   98  102  104  104
   94   88   87   84   82   87   91   90   87   88   91   98  105  105  104  103
  107  117  129  131  141  149  152  156  150  138  131  123  120  120  120  125
  124  122  126  127  123  115  105   98   96   91   85   77   69   74   73   74
   73   76   70   65   61   59   59   58   57
    32.5-180.0 180.0   5.0 450.0                            LAT/LON1/LON2/DLON/H
   56   52   52   51   48   46   48   57   62   79   87   88   93  106  114  111
   97   92   86   86   87   91   86   84   85   90   91  100  106  102  104  108
  119  126  138  143  153  169  175  178  169  158  145  136  131  125  124  129
  132  129  131  122  116  118  108   99   94   89   85   83   77   79   78   76
   76   72   67   64   59   58   56   57   56
    30.0-180.0 180.0   5.0 450.0                            LAT/LON1/LON2/DLON/H
   56   50   48   46   40   39   43   48   54   67   83   86   96  104  112  106
  103   95   87   84   83   89   81   81   85   89   91   99  108  108  111  117
  123  132  140  156  176  182  196  195  189  180  169  152  136  135  131  136
  134  136  131  118  118  116  110  103  100   94   86   84   81   77   74   75
   75   73   68   64   61   60   57   56   56
    27.5-180.0 180.0   5.0 450.0                            LAT/LON1/LON2/DLON/H
   57   53   50   47   43   42   43   44   47   60   81   84   83   87  101  108
  100   94   83   73   77   82   79   84   86   86   88   97  112  117  120  128
  138  148  155  167  183  207  220  220  221  228  197  163  143  144  140  140
  137  136  133  125  125  125  115  110  108  102   91   88   81   77   77   83
   85   82   77   70   65   61   59   59   57
    25.0-180.0 180.0   5.0 450.0                            LAT/LON1/LON2/DLON/H
   58   58   56   52   51   49   47   45   44   58   72   71   70   77   89   90
   93   99   82   77   82   83   87   92   87   87   93  103  115  124  131  142
  151  163  176  190  210  230  258  253  246  236  211  174  157  153  150  150
  144  140  135  138  138  135  127  119  117  113  107   97   85   84   82   93
   95   82   73   70   68   65   63   59   58
    22.5-180.0 180.0   5.0 450.0                            LAT/LON1/LON2/DLON/H
   58   62   65   62   59   56   54   52   48   57   63   64   68   69   71   81
   91   84   73   75   73   84   90  100   94   96   97  109  121  131  140  152
  172  190  207  226  261  295  282  271  267  233  211  184  177  165  167  167
  158  150  146  148  158  143  142  135  129  128  128  118  103  108   92  106
  100   85   73   69   69   69   63   58   58
    20.0-180.0 180.0   5.0 450.0                            LAT/LON1/LON2/DLON/H
   57   63   67   67   65   64   64   58   53   55   62   64   62   63   64   76
   82   75   74   79   84   93   93   97  101  105  102  111  128  138  152  172
  195  215  252  274  302  308  298  267  273  242  231  213  199  192  196  196
  177  167  165  165  174  165  165  159  158  164  161  145  151  137  116  124
  115   98   86   80   77   76   63   58   57
    17.5-180.0 180.0   5.0 450.0                            LAT/LON1/LON2/DLON/H
   55   62   66   70   70   67   64   60   59   59   61   62   61   60   61   63
   77   76   74   81   86   93   95  102  109  109  107  112  132  148  171  193
  221  245  274  297  304  298  285  268  263  261  261  246  233  220  220  216
  203  186  187  193  208  193  192  193  196  190  183  173  178  166  137  132
  128  118  104   95   90   77   69   56   55
    15.0-180.0 180.0   5.0 450.0                            LAT/LON1/LON2/DLON/H
   59   63   64   66   66   63   63   63   61   60   62   61   61   57   57   59
   70   76   73   82   87   91   96  100  107  104  114  114  142  167  193  214
  237  263  285  294  275  262  269  273  276  276  275  264  258  244  240  234
  224  212  211  219  238  215  214  213  218  216  208  195  207  198  165  142
  141  135  118  113   96   85   74   60   59
    12.5-180.0 180.0   5.0 450.0                            LAT/LON1/LON2/DLON/H
   70   63   63   63   63   60   60   60   59   58   60   59   60   54   52   53
   61   75   75   84   93   96   99  104  114  117  117  128  148  182  212  229
  243  255  264  260  250  242  252  274  281  283  284  278  272  262  257  249
  245  234  232  243  248  245  232  228  229  223  210  200  200  195  165  140
  136  140  129  120  109   97   85   76   70
    10.0-180.0 180.0   5.0 450.0                            LAT/LON1/LON2/DLON/H
   81   62   62   64   63   57   55   55   56   56   58   57   55   52   51   54
   56   65   77   86   93  103  104  109  109  115  119  133  146  186  213  226
  232  237  244  241  238  239  259  281  290  295  301  295  290  281  273  266
  263  249  252  253  257  254  250  241  226  208  197  187  176  175  152  134
  134  138  136  124  119  113   95   86   81
     7.5-180.0 180.0   5.0 450.0                            LAT/LON1/LON2/DLON/H
   83   65   62   62   63   57   54   54   51   51   52   55   53   52   50   57
   54   61   81   87   94  107  107  109  113  113  121  135  147  180  202  212
  219  228  234  236  238  245  268  286  294  300  299  301  297  290  281  275
  269  262  258  264  265  265  265  251  233  210  194  180  167  155  142  133
  131  134  132  131  130  123  105   93   83
     5.0-180.0 180.0   5.0 450.0                            LAT/LON1/LON2/DLON/H
   87   70   62   61   62   55   51   52   51   50   50   53   54   51   59   60
   61   64   71   81   94  102  116  121  120  110  119  133  148  165  187  202
  211  223  229  235  242  255  273  289  294  294  290  287  289  287  281  277
  271  267  263  271  278  279  277  263  244  221  202  188  181  158  147  133
  130  130  129  118  118  118  112   92   87
     2.5-180.0 180.0   5.0 450.0                            LAT/LON1/LON2/DLON/H
   90   75   67   61   62   56   51   49   49   48   49   53   53   57   63   66
   69   68   68   83  100  108  113  112  111  112  120  134  150  166  178  194
  209  221  229  238  253  264  281  292  293  290  283  281  283  285  280  278
  273  274  274  282  288  288  288  272  254  230  211  211  202  180  161  144
  130  125  121  114  114  117  113   96   90
